c SAT Expression for N=15 queens
c Chess board has 225 positions
p cnf 225 5210
1 2 3 4 5 6 7 8 9 10 11 12 13 14 15 0
-1 -2 0
-1 -3 0
-1 -4 0
-1 -5 0
-1 -6 0
-1 -7 0
-1 -8 0
-1 -9 0
-1 -10 0
-1 -11 0
-1 -12 0
-1 -13 0
-1 -14 0
-1 -15 0
-2 -3 0
-2 -4 0
-2 -5 0
-2 -6 0
-2 -7 0
-2 -8 0
-2 -9 0
-2 -10 0
-2 -11 0
-2 -12 0
-2 -13 0
-2 -14 0
-2 -15 0
-3 -4 0
-3 -5 0
-3 -6 0
-3 -7 0
-3 -8 0
-3 -9 0
-3 -10 0
-3 -11 0
-3 -12 0
-3 -13 0
-3 -14 0
-3 -15 0
-4 -5 0
-4 -6 0
-4 -7 0
-4 -8 0
-4 -9 0
-4 -10 0
-4 -11 0
-4 -12 0
-4 -13 0
-4 -14 0
-4 -15 0
-5 -6 0
-5 -7 0
-5 -8 0
-5 -9 0
-5 -10 0
-5 -11 0
-5 -12 0
-5 -13 0
-5 -14 0
-5 -15 0
-6 -7 0
-6 -8 0
-6 -9 0
-6 -10 0
-6 -11 0
-6 -12 0
-6 -13 0
-6 -14 0
-6 -15 0
-7 -8 0
-7 -9 0
-7 -10 0
-7 -11 0
-7 -12 0
-7 -13 0
-7 -14 0
-7 -15 0
-8 -9 0
-8 -10 0
-8 -11 0
-8 -12 0
-8 -13 0
-8 -14 0
-8 -15 0
-9 -10 0
-9 -11 0
-9 -12 0
-9 -13 0
-9 -14 0
-9 -15 0
-10 -11 0
-10 -12 0
-10 -13 0
-10 -14 0
-10 -15 0
-11 -12 0
-11 -13 0
-11 -14 0
-11 -15 0
-12 -13 0
-12 -14 0
-12 -15 0
-13 -14 0
-13 -15 0
-14 -15 0
16 17 18 19 20 21 22 23 24 25 26 27 28 29 30 0
-16 -17 0
-16 -18 0
-16 -19 0
-16 -20 0
-16 -21 0
-16 -22 0
-16 -23 0
-16 -24 0
-16 -25 0
-16 -26 0
-16 -27 0
-16 -28 0
-16 -29 0
-16 -30 0
-17 -18 0
-17 -19 0
-17 -20 0
-17 -21 0
-17 -22 0
-17 -23 0
-17 -24 0
-17 -25 0
-17 -26 0
-17 -27 0
-17 -28 0
-17 -29 0
-17 -30 0
-18 -19 0
-18 -20 0
-18 -21 0
-18 -22 0
-18 -23 0
-18 -24 0
-18 -25 0
-18 -26 0
-18 -27 0
-18 -28 0
-18 -29 0
-18 -30 0
-19 -20 0
-19 -21 0
-19 -22 0
-19 -23 0
-19 -24 0
-19 -25 0
-19 -26 0
-19 -27 0
-19 -28 0
-19 -29 0
-19 -30 0
-20 -21 0
-20 -22 0
-20 -23 0
-20 -24 0
-20 -25 0
-20 -26 0
-20 -27 0
-20 -28 0
-20 -29 0
-20 -30 0
-21 -22 0
-21 -23 0
-21 -24 0
-21 -25 0
-21 -26 0
-21 -27 0
-21 -28 0
-21 -29 0
-21 -30 0
-22 -23 0
-22 -24 0
-22 -25 0
-22 -26 0
-22 -27 0
-22 -28 0
-22 -29 0
-22 -30 0
-23 -24 0
-23 -25 0
-23 -26 0
-23 -27 0
-23 -28 0
-23 -29 0
-23 -30 0
-24 -25 0
-24 -26 0
-24 -27 0
-24 -28 0
-24 -29 0
-24 -30 0
-25 -26 0
-25 -27 0
-25 -28 0
-25 -29 0
-25 -30 0
-26 -27 0
-26 -28 0
-26 -29 0
-26 -30 0
-27 -28 0
-27 -29 0
-27 -30 0
-28 -29 0
-28 -30 0
-29 -30 0
31 32 33 34 35 36 37 38 39 40 41 42 43 44 45 0
-31 -32 0
-31 -33 0
-31 -34 0
-31 -35 0
-31 -36 0
-31 -37 0
-31 -38 0
-31 -39 0
-31 -40 0
-31 -41 0
-31 -42 0
-31 -43 0
-31 -44 0
-31 -45 0
-32 -33 0
-32 -34 0
-32 -35 0
-32 -36 0
-32 -37 0
-32 -38 0
-32 -39 0
-32 -40 0
-32 -41 0
-32 -42 0
-32 -43 0
-32 -44 0
-32 -45 0
-33 -34 0
-33 -35 0
-33 -36 0
-33 -37 0
-33 -38 0
-33 -39 0
-33 -40 0
-33 -41 0
-33 -42 0
-33 -43 0
-33 -44 0
-33 -45 0
-34 -35 0
-34 -36 0
-34 -37 0
-34 -38 0
-34 -39 0
-34 -40 0
-34 -41 0
-34 -42 0
-34 -43 0
-34 -44 0
-34 -45 0
-35 -36 0
-35 -37 0
-35 -38 0
-35 -39 0
-35 -40 0
-35 -41 0
-35 -42 0
-35 -43 0
-35 -44 0
-35 -45 0
-36 -37 0
-36 -38 0
-36 -39 0
-36 -40 0
-36 -41 0
-36 -42 0
-36 -43 0
-36 -44 0
-36 -45 0
-37 -38 0
-37 -39 0
-37 -40 0
-37 -41 0
-37 -42 0
-37 -43 0
-37 -44 0
-37 -45 0
-38 -39 0
-38 -40 0
-38 -41 0
-38 -42 0
-38 -43 0
-38 -44 0
-38 -45 0
-39 -40 0
-39 -41 0
-39 -42 0
-39 -43 0
-39 -44 0
-39 -45 0
-40 -41 0
-40 -42 0
-40 -43 0
-40 -44 0
-40 -45 0
-41 -42 0
-41 -43 0
-41 -44 0
-41 -45 0
-42 -43 0
-42 -44 0
-42 -45 0
-43 -44 0
-43 -45 0
-44 -45 0
46 47 48 49 50 51 52 53 54 55 56 57 58 59 60 0
-46 -47 0
-46 -48 0
-46 -49 0
-46 -50 0
-46 -51 0
-46 -52 0
-46 -53 0
-46 -54 0
-46 -55 0
-46 -56 0
-46 -57 0
-46 -58 0
-46 -59 0
-46 -60 0
-47 -48 0
-47 -49 0
-47 -50 0
-47 -51 0
-47 -52 0
-47 -53 0
-47 -54 0
-47 -55 0
-47 -56 0
-47 -57 0
-47 -58 0
-47 -59 0
-47 -60 0
-48 -49 0
-48 -50 0
-48 -51 0
-48 -52 0
-48 -53 0
-48 -54 0
-48 -55 0
-48 -56 0
-48 -57 0
-48 -58 0
-48 -59 0
-48 -60 0
-49 -50 0
-49 -51 0
-49 -52 0
-49 -53 0
-49 -54 0
-49 -55 0
-49 -56 0
-49 -57 0
-49 -58 0
-49 -59 0
-49 -60 0
-50 -51 0
-50 -52 0
-50 -53 0
-50 -54 0
-50 -55 0
-50 -56 0
-50 -57 0
-50 -58 0
-50 -59 0
-50 -60 0
-51 -52 0
-51 -53 0
-51 -54 0
-51 -55 0
-51 -56 0
-51 -57 0
-51 -58 0
-51 -59 0
-51 -60 0
-52 -53 0
-52 -54 0
-52 -55 0
-52 -56 0
-52 -57 0
-52 -58 0
-52 -59 0
-52 -60 0
-53 -54 0
-53 -55 0
-53 -56 0
-53 -57 0
-53 -58 0
-53 -59 0
-53 -60 0
-54 -55 0
-54 -56 0
-54 -57 0
-54 -58 0
-54 -59 0
-54 -60 0
-55 -56 0
-55 -57 0
-55 -58 0
-55 -59 0
-55 -60 0
-56 -57 0
-56 -58 0
-56 -59 0
-56 -60 0
-57 -58 0
-57 -59 0
-57 -60 0
-58 -59 0
-58 -60 0
-59 -60 0
61 62 63 64 65 66 67 68 69 70 71 72 73 74 75 0
-61 -62 0
-61 -63 0
-61 -64 0
-61 -65 0
-61 -66 0
-61 -67 0
-61 -68 0
-61 -69 0
-61 -70 0
-61 -71 0
-61 -72 0
-61 -73 0
-61 -74 0
-61 -75 0
-62 -63 0
-62 -64 0
-62 -65 0
-62 -66 0
-62 -67 0
-62 -68 0
-62 -69 0
-62 -70 0
-62 -71 0
-62 -72 0
-62 -73 0
-62 -74 0
-62 -75 0
-63 -64 0
-63 -65 0
-63 -66 0
-63 -67 0
-63 -68 0
-63 -69 0
-63 -70 0
-63 -71 0
-63 -72 0
-63 -73 0
-63 -74 0
-63 -75 0
-64 -65 0
-64 -66 0
-64 -67 0
-64 -68 0
-64 -69 0
-64 -70 0
-64 -71 0
-64 -72 0
-64 -73 0
-64 -74 0
-64 -75 0
-65 -66 0
-65 -67 0
-65 -68 0
-65 -69 0
-65 -70 0
-65 -71 0
-65 -72 0
-65 -73 0
-65 -74 0
-65 -75 0
-66 -67 0
-66 -68 0
-66 -69 0
-66 -70 0
-66 -71 0
-66 -72 0
-66 -73 0
-66 -74 0
-66 -75 0
-67 -68 0
-67 -69 0
-67 -70 0
-67 -71 0
-67 -72 0
-67 -73 0
-67 -74 0
-67 -75 0
-68 -69 0
-68 -70 0
-68 -71 0
-68 -72 0
-68 -73 0
-68 -74 0
-68 -75 0
-69 -70 0
-69 -71 0
-69 -72 0
-69 -73 0
-69 -74 0
-69 -75 0
-70 -71 0
-70 -72 0
-70 -73 0
-70 -74 0
-70 -75 0
-71 -72 0
-71 -73 0
-71 -74 0
-71 -75 0
-72 -73 0
-72 -74 0
-72 -75 0
-73 -74 0
-73 -75 0
-74 -75 0
76 77 78 79 80 81 82 83 84 85 86 87 88 89 90 0
-76 -77 0
-76 -78 0
-76 -79 0
-76 -80 0
-76 -81 0
-76 -82 0
-76 -83 0
-76 -84 0
-76 -85 0
-76 -86 0
-76 -87 0
-76 -88 0
-76 -89 0
-76 -90 0
-77 -78 0
-77 -79 0
-77 -80 0
-77 -81 0
-77 -82 0
-77 -83 0
-77 -84 0
-77 -85 0
-77 -86 0
-77 -87 0
-77 -88 0
-77 -89 0
-77 -90 0
-78 -79 0
-78 -80 0
-78 -81 0
-78 -82 0
-78 -83 0
-78 -84 0
-78 -85 0
-78 -86 0
-78 -87 0
-78 -88 0
-78 -89 0
-78 -90 0
-79 -80 0
-79 -81 0
-79 -82 0
-79 -83 0
-79 -84 0
-79 -85 0
-79 -86 0
-79 -87 0
-79 -88 0
-79 -89 0
-79 -90 0
-80 -81 0
-80 -82 0
-80 -83 0
-80 -84 0
-80 -85 0
-80 -86 0
-80 -87 0
-80 -88 0
-80 -89 0
-80 -90 0
-81 -82 0
-81 -83 0
-81 -84 0
-81 -85 0
-81 -86 0
-81 -87 0
-81 -88 0
-81 -89 0
-81 -90 0
-82 -83 0
-82 -84 0
-82 -85 0
-82 -86 0
-82 -87 0
-82 -88 0
-82 -89 0
-82 -90 0
-83 -84 0
-83 -85 0
-83 -86 0
-83 -87 0
-83 -88 0
-83 -89 0
-83 -90 0
-84 -85 0
-84 -86 0
-84 -87 0
-84 -88 0
-84 -89 0
-84 -90 0
-85 -86 0
-85 -87 0
-85 -88 0
-85 -89 0
-85 -90 0
-86 -87 0
-86 -88 0
-86 -89 0
-86 -90 0
-87 -88 0
-87 -89 0
-87 -90 0
-88 -89 0
-88 -90 0
-89 -90 0
91 92 93 94 95 96 97 98 99 100 101 102 103 104 105 0
-91 -92 0
-91 -93 0
-91 -94 0
-91 -95 0
-91 -96 0
-91 -97 0
-91 -98 0
-91 -99 0
-91 -100 0
-91 -101 0
-91 -102 0
-91 -103 0
-91 -104 0
-91 -105 0
-92 -93 0
-92 -94 0
-92 -95 0
-92 -96 0
-92 -97 0
-92 -98 0
-92 -99 0
-92 -100 0
-92 -101 0
-92 -102 0
-92 -103 0
-92 -104 0
-92 -105 0
-93 -94 0
-93 -95 0
-93 -96 0
-93 -97 0
-93 -98 0
-93 -99 0
-93 -100 0
-93 -101 0
-93 -102 0
-93 -103 0
-93 -104 0
-93 -105 0
-94 -95 0
-94 -96 0
-94 -97 0
-94 -98 0
-94 -99 0
-94 -100 0
-94 -101 0
-94 -102 0
-94 -103 0
-94 -104 0
-94 -105 0
-95 -96 0
-95 -97 0
-95 -98 0
-95 -99 0
-95 -100 0
-95 -101 0
-95 -102 0
-95 -103 0
-95 -104 0
-95 -105 0
-96 -97 0
-96 -98 0
-96 -99 0
-96 -100 0
-96 -101 0
-96 -102 0
-96 -103 0
-96 -104 0
-96 -105 0
-97 -98 0
-97 -99 0
-97 -100 0
-97 -101 0
-97 -102 0
-97 -103 0
-97 -104 0
-97 -105 0
-98 -99 0
-98 -100 0
-98 -101 0
-98 -102 0
-98 -103 0
-98 -104 0
-98 -105 0
-99 -100 0
-99 -101 0
-99 -102 0
-99 -103 0
-99 -104 0
-99 -105 0
-100 -101 0
-100 -102 0
-100 -103 0
-100 -104 0
-100 -105 0
-101 -102 0
-101 -103 0
-101 -104 0
-101 -105 0
-102 -103 0
-102 -104 0
-102 -105 0
-103 -104 0
-103 -105 0
-104 -105 0
106 107 108 109 110 111 112 113 114 115 116 117 118 119 120 0
-106 -107 0
-106 -108 0
-106 -109 0
-106 -110 0
-106 -111 0
-106 -112 0
-106 -113 0
-106 -114 0
-106 -115 0
-106 -116 0
-106 -117 0
-106 -118 0
-106 -119 0
-106 -120 0
-107 -108 0
-107 -109 0
-107 -110 0
-107 -111 0
-107 -112 0
-107 -113 0
-107 -114 0
-107 -115 0
-107 -116 0
-107 -117 0
-107 -118 0
-107 -119 0
-107 -120 0
-108 -109 0
-108 -110 0
-108 -111 0
-108 -112 0
-108 -113 0
-108 -114 0
-108 -115 0
-108 -116 0
-108 -117 0
-108 -118 0
-108 -119 0
-108 -120 0
-109 -110 0
-109 -111 0
-109 -112 0
-109 -113 0
-109 -114 0
-109 -115 0
-109 -116 0
-109 -117 0
-109 -118 0
-109 -119 0
-109 -120 0
-110 -111 0
-110 -112 0
-110 -113 0
-110 -114 0
-110 -115 0
-110 -116 0
-110 -117 0
-110 -118 0
-110 -119 0
-110 -120 0
-111 -112 0
-111 -113 0
-111 -114 0
-111 -115 0
-111 -116 0
-111 -117 0
-111 -118 0
-111 -119 0
-111 -120 0
-112 -113 0
-112 -114 0
-112 -115 0
-112 -116 0
-112 -117 0
-112 -118 0
-112 -119 0
-112 -120 0
-113 -114 0
-113 -115 0
-113 -116 0
-113 -117 0
-113 -118 0
-113 -119 0
-113 -120 0
-114 -115 0
-114 -116 0
-114 -117 0
-114 -118 0
-114 -119 0
-114 -120 0
-115 -116 0
-115 -117 0
-115 -118 0
-115 -119 0
-115 -120 0
-116 -117 0
-116 -118 0
-116 -119 0
-116 -120 0
-117 -118 0
-117 -119 0
-117 -120 0
-118 -119 0
-118 -120 0
-119 -120 0
121 122 123 124 125 126 127 128 129 130 131 132 133 134 135 0
-121 -122 0
-121 -123 0
-121 -124 0
-121 -125 0
-121 -126 0
-121 -127 0
-121 -128 0
-121 -129 0
-121 -130 0
-121 -131 0
-121 -132 0
-121 -133 0
-121 -134 0
-121 -135 0
-122 -123 0
-122 -124 0
-122 -125 0
-122 -126 0
-122 -127 0
-122 -128 0
-122 -129 0
-122 -130 0
-122 -131 0
-122 -132 0
-122 -133 0
-122 -134 0
-122 -135 0
-123 -124 0
-123 -125 0
-123 -126 0
-123 -127 0
-123 -128 0
-123 -129 0
-123 -130 0
-123 -131 0
-123 -132 0
-123 -133 0
-123 -134 0
-123 -135 0
-124 -125 0
-124 -126 0
-124 -127 0
-124 -128 0
-124 -129 0
-124 -130 0
-124 -131 0
-124 -132 0
-124 -133 0
-124 -134 0
-124 -135 0
-125 -126 0
-125 -127 0
-125 -128 0
-125 -129 0
-125 -130 0
-125 -131 0
-125 -132 0
-125 -133 0
-125 -134 0
-125 -135 0
-126 -127 0
-126 -128 0
-126 -129 0
-126 -130 0
-126 -131 0
-126 -132 0
-126 -133 0
-126 -134 0
-126 -135 0
-127 -128 0
-127 -129 0
-127 -130 0
-127 -131 0
-127 -132 0
-127 -133 0
-127 -134 0
-127 -135 0
-128 -129 0
-128 -130 0
-128 -131 0
-128 -132 0
-128 -133 0
-128 -134 0
-128 -135 0
-129 -130 0
-129 -131 0
-129 -132 0
-129 -133 0
-129 -134 0
-129 -135 0
-130 -131 0
-130 -132 0
-130 -133 0
-130 -134 0
-130 -135 0
-131 -132 0
-131 -133 0
-131 -134 0
-131 -135 0
-132 -133 0
-132 -134 0
-132 -135 0
-133 -134 0
-133 -135 0
-134 -135 0
136 137 138 139 140 141 142 143 144 145 146 147 148 149 150 0
-136 -137 0
-136 -138 0
-136 -139 0
-136 -140 0
-136 -141 0
-136 -142 0
-136 -143 0
-136 -144 0
-136 -145 0
-136 -146 0
-136 -147 0
-136 -148 0
-136 -149 0
-136 -150 0
-137 -138 0
-137 -139 0
-137 -140 0
-137 -141 0
-137 -142 0
-137 -143 0
-137 -144 0
-137 -145 0
-137 -146 0
-137 -147 0
-137 -148 0
-137 -149 0
-137 -150 0
-138 -139 0
-138 -140 0
-138 -141 0
-138 -142 0
-138 -143 0
-138 -144 0
-138 -145 0
-138 -146 0
-138 -147 0
-138 -148 0
-138 -149 0
-138 -150 0
-139 -140 0
-139 -141 0
-139 -142 0
-139 -143 0
-139 -144 0
-139 -145 0
-139 -146 0
-139 -147 0
-139 -148 0
-139 -149 0
-139 -150 0
-140 -141 0
-140 -142 0
-140 -143 0
-140 -144 0
-140 -145 0
-140 -146 0
-140 -147 0
-140 -148 0
-140 -149 0
-140 -150 0
-141 -142 0
-141 -143 0
-141 -144 0
-141 -145 0
-141 -146 0
-141 -147 0
-141 -148 0
-141 -149 0
-141 -150 0
-142 -143 0
-142 -144 0
-142 -145 0
-142 -146 0
-142 -147 0
-142 -148 0
-142 -149 0
-142 -150 0
-143 -144 0
-143 -145 0
-143 -146 0
-143 -147 0
-143 -148 0
-143 -149 0
-143 -150 0
-144 -145 0
-144 -146 0
-144 -147 0
-144 -148 0
-144 -149 0
-144 -150 0
-145 -146 0
-145 -147 0
-145 -148 0
-145 -149 0
-145 -150 0
-146 -147 0
-146 -148 0
-146 -149 0
-146 -150 0
-147 -148 0
-147 -149 0
-147 -150 0
-148 -149 0
-148 -150 0
-149 -150 0
151 152 153 154 155 156 157 158 159 160 161 162 163 164 165 0
-151 -152 0
-151 -153 0
-151 -154 0
-151 -155 0
-151 -156 0
-151 -157 0
-151 -158 0
-151 -159 0
-151 -160 0
-151 -161 0
-151 -162 0
-151 -163 0
-151 -164 0
-151 -165 0
-152 -153 0
-152 -154 0
-152 -155 0
-152 -156 0
-152 -157 0
-152 -158 0
-152 -159 0
-152 -160 0
-152 -161 0
-152 -162 0
-152 -163 0
-152 -164 0
-152 -165 0
-153 -154 0
-153 -155 0
-153 -156 0
-153 -157 0
-153 -158 0
-153 -159 0
-153 -160 0
-153 -161 0
-153 -162 0
-153 -163 0
-153 -164 0
-153 -165 0
-154 -155 0
-154 -156 0
-154 -157 0
-154 -158 0
-154 -159 0
-154 -160 0
-154 -161 0
-154 -162 0
-154 -163 0
-154 -164 0
-154 -165 0
-155 -156 0
-155 -157 0
-155 -158 0
-155 -159 0
-155 -160 0
-155 -161 0
-155 -162 0
-155 -163 0
-155 -164 0
-155 -165 0
-156 -157 0
-156 -158 0
-156 -159 0
-156 -160 0
-156 -161 0
-156 -162 0
-156 -163 0
-156 -164 0
-156 -165 0
-157 -158 0
-157 -159 0
-157 -160 0
-157 -161 0
-157 -162 0
-157 -163 0
-157 -164 0
-157 -165 0
-158 -159 0
-158 -160 0
-158 -161 0
-158 -162 0
-158 -163 0
-158 -164 0
-158 -165 0
-159 -160 0
-159 -161 0
-159 -162 0
-159 -163 0
-159 -164 0
-159 -165 0
-160 -161 0
-160 -162 0
-160 -163 0
-160 -164 0
-160 -165 0
-161 -162 0
-161 -163 0
-161 -164 0
-161 -165 0
-162 -163 0
-162 -164 0
-162 -165 0
-163 -164 0
-163 -165 0
-164 -165 0
166 167 168 169 170 171 172 173 174 175 176 177 178 179 180 0
-166 -167 0
-166 -168 0
-166 -169 0
-166 -170 0
-166 -171 0
-166 -172 0
-166 -173 0
-166 -174 0
-166 -175 0
-166 -176 0
-166 -177 0
-166 -178 0
-166 -179 0
-166 -180 0
-167 -168 0
-167 -169 0
-167 -170 0
-167 -171 0
-167 -172 0
-167 -173 0
-167 -174 0
-167 -175 0
-167 -176 0
-167 -177 0
-167 -178 0
-167 -179 0
-167 -180 0
-168 -169 0
-168 -170 0
-168 -171 0
-168 -172 0
-168 -173 0
-168 -174 0
-168 -175 0
-168 -176 0
-168 -177 0
-168 -178 0
-168 -179 0
-168 -180 0
-169 -170 0
-169 -171 0
-169 -172 0
-169 -173 0
-169 -174 0
-169 -175 0
-169 -176 0
-169 -177 0
-169 -178 0
-169 -179 0
-169 -180 0
-170 -171 0
-170 -172 0
-170 -173 0
-170 -174 0
-170 -175 0
-170 -176 0
-170 -177 0
-170 -178 0
-170 -179 0
-170 -180 0
-171 -172 0
-171 -173 0
-171 -174 0
-171 -175 0
-171 -176 0
-171 -177 0
-171 -178 0
-171 -179 0
-171 -180 0
-172 -173 0
-172 -174 0
-172 -175 0
-172 -176 0
-172 -177 0
-172 -178 0
-172 -179 0
-172 -180 0
-173 -174 0
-173 -175 0
-173 -176 0
-173 -177 0
-173 -178 0
-173 -179 0
-173 -180 0
-174 -175 0
-174 -176 0
-174 -177 0
-174 -178 0
-174 -179 0
-174 -180 0
-175 -176 0
-175 -177 0
-175 -178 0
-175 -179 0
-175 -180 0
-176 -177 0
-176 -178 0
-176 -179 0
-176 -180 0
-177 -178 0
-177 -179 0
-177 -180 0
-178 -179 0
-178 -180 0
-179 -180 0
181 182 183 184 185 186 187 188 189 190 191 192 193 194 195 0
-181 -182 0
-181 -183 0
-181 -184 0
-181 -185 0
-181 -186 0
-181 -187 0
-181 -188 0
-181 -189 0
-181 -190 0
-181 -191 0
-181 -192 0
-181 -193 0
-181 -194 0
-181 -195 0
-182 -183 0
-182 -184 0
-182 -185 0
-182 -186 0
-182 -187 0
-182 -188 0
-182 -189 0
-182 -190 0
-182 -191 0
-182 -192 0
-182 -193 0
-182 -194 0
-182 -195 0
-183 -184 0
-183 -185 0
-183 -186 0
-183 -187 0
-183 -188 0
-183 -189 0
-183 -190 0
-183 -191 0
-183 -192 0
-183 -193 0
-183 -194 0
-183 -195 0
-184 -185 0
-184 -186 0
-184 -187 0
-184 -188 0
-184 -189 0
-184 -190 0
-184 -191 0
-184 -192 0
-184 -193 0
-184 -194 0
-184 -195 0
-185 -186 0
-185 -187 0
-185 -188 0
-185 -189 0
-185 -190 0
-185 -191 0
-185 -192 0
-185 -193 0
-185 -194 0
-185 -195 0
-186 -187 0
-186 -188 0
-186 -189 0
-186 -190 0
-186 -191 0
-186 -192 0
-186 -193 0
-186 -194 0
-186 -195 0
-187 -188 0
-187 -189 0
-187 -190 0
-187 -191 0
-187 -192 0
-187 -193 0
-187 -194 0
-187 -195 0
-188 -189 0
-188 -190 0
-188 -191 0
-188 -192 0
-188 -193 0
-188 -194 0
-188 -195 0
-189 -190 0
-189 -191 0
-189 -192 0
-189 -193 0
-189 -194 0
-189 -195 0
-190 -191 0
-190 -192 0
-190 -193 0
-190 -194 0
-190 -195 0
-191 -192 0
-191 -193 0
-191 -194 0
-191 -195 0
-192 -193 0
-192 -194 0
-192 -195 0
-193 -194 0
-193 -195 0
-194 -195 0
196 197 198 199 200 201 202 203 204 205 206 207 208 209 210 0
-196 -197 0
-196 -198 0
-196 -199 0
-196 -200 0
-196 -201 0
-196 -202 0
-196 -203 0
-196 -204 0
-196 -205 0
-196 -206 0
-196 -207 0
-196 -208 0
-196 -209 0
-196 -210 0
-197 -198 0
-197 -199 0
-197 -200 0
-197 -201 0
-197 -202 0
-197 -203 0
-197 -204 0
-197 -205 0
-197 -206 0
-197 -207 0
-197 -208 0
-197 -209 0
-197 -210 0
-198 -199 0
-198 -200 0
-198 -201 0
-198 -202 0
-198 -203 0
-198 -204 0
-198 -205 0
-198 -206 0
-198 -207 0
-198 -208 0
-198 -209 0
-198 -210 0
-199 -200 0
-199 -201 0
-199 -202 0
-199 -203 0
-199 -204 0
-199 -205 0
-199 -206 0
-199 -207 0
-199 -208 0
-199 -209 0
-199 -210 0
-200 -201 0
-200 -202 0
-200 -203 0
-200 -204 0
-200 -205 0
-200 -206 0
-200 -207 0
-200 -208 0
-200 -209 0
-200 -210 0
-201 -202 0
-201 -203 0
-201 -204 0
-201 -205 0
-201 -206 0
-201 -207 0
-201 -208 0
-201 -209 0
-201 -210 0
-202 -203 0
-202 -204 0
-202 -205 0
-202 -206 0
-202 -207 0
-202 -208 0
-202 -209 0
-202 -210 0
-203 -204 0
-203 -205 0
-203 -206 0
-203 -207 0
-203 -208 0
-203 -209 0
-203 -210 0
-204 -205 0
-204 -206 0
-204 -207 0
-204 -208 0
-204 -209 0
-204 -210 0
-205 -206 0
-205 -207 0
-205 -208 0
-205 -209 0
-205 -210 0
-206 -207 0
-206 -208 0
-206 -209 0
-206 -210 0
-207 -208 0
-207 -209 0
-207 -210 0
-208 -209 0
-208 -210 0
-209 -210 0
211 212 213 214 215 216 217 218 219 220 221 222 223 224 225 0
-211 -212 0
-211 -213 0
-211 -214 0
-211 -215 0
-211 -216 0
-211 -217 0
-211 -218 0
-211 -219 0
-211 -220 0
-211 -221 0
-211 -222 0
-211 -223 0
-211 -224 0
-211 -225 0
-212 -213 0
-212 -214 0
-212 -215 0
-212 -216 0
-212 -217 0
-212 -218 0
-212 -219 0
-212 -220 0
-212 -221 0
-212 -222 0
-212 -223 0
-212 -224 0
-212 -225 0
-213 -214 0
-213 -215 0
-213 -216 0
-213 -217 0
-213 -218 0
-213 -219 0
-213 -220 0
-213 -221 0
-213 -222 0
-213 -223 0
-213 -224 0
-213 -225 0
-214 -215 0
-214 -216 0
-214 -217 0
-214 -218 0
-214 -219 0
-214 -220 0
-214 -221 0
-214 -222 0
-214 -223 0
-214 -224 0
-214 -225 0
-215 -216 0
-215 -217 0
-215 -218 0
-215 -219 0
-215 -220 0
-215 -221 0
-215 -222 0
-215 -223 0
-215 -224 0
-215 -225 0
-216 -217 0
-216 -218 0
-216 -219 0
-216 -220 0
-216 -221 0
-216 -222 0
-216 -223 0
-216 -224 0
-216 -225 0
-217 -218 0
-217 -219 0
-217 -220 0
-217 -221 0
-217 -222 0
-217 -223 0
-217 -224 0
-217 -225 0
-218 -219 0
-218 -220 0
-218 -221 0
-218 -222 0
-218 -223 0
-218 -224 0
-218 -225 0
-219 -220 0
-219 -221 0
-219 -222 0
-219 -223 0
-219 -224 0
-219 -225 0
-220 -221 0
-220 -222 0
-220 -223 0
-220 -224 0
-220 -225 0
-221 -222 0
-221 -223 0
-221 -224 0
-221 -225 0
-222 -223 0
-222 -224 0
-222 -225 0
-223 -224 0
-223 -225 0
-224 -225 0
1 16 31 46 61 76 91 106 121 136 151 166 181 196 211 0
-1 -16 0
-1 -31 0
-1 -46 0
-1 -61 0
-1 -76 0
-1 -91 0
-1 -106 0
-1 -121 0
-1 -136 0
-1 -151 0
-1 -166 0
-1 -181 0
-1 -196 0
-1 -211 0
-16 -31 0
-16 -46 0
-16 -61 0
-16 -76 0
-16 -91 0
-16 -106 0
-16 -121 0
-16 -136 0
-16 -151 0
-16 -166 0
-16 -181 0
-16 -196 0
-16 -211 0
-31 -46 0
-31 -61 0
-31 -76 0
-31 -91 0
-31 -106 0
-31 -121 0
-31 -136 0
-31 -151 0
-31 -166 0
-31 -181 0
-31 -196 0
-31 -211 0
-46 -61 0
-46 -76 0
-46 -91 0
-46 -106 0
-46 -121 0
-46 -136 0
-46 -151 0
-46 -166 0
-46 -181 0
-46 -196 0
-46 -211 0
-61 -76 0
-61 -91 0
-61 -106 0
-61 -121 0
-61 -136 0
-61 -151 0
-61 -166 0
-61 -181 0
-61 -196 0
-61 -211 0
-76 -91 0
-76 -106 0
-76 -121 0
-76 -136 0
-76 -151 0
-76 -166 0
-76 -181 0
-76 -196 0
-76 -211 0
-91 -106 0
-91 -121 0
-91 -136 0
-91 -151 0
-91 -166 0
-91 -181 0
-91 -196 0
-91 -211 0
-106 -121 0
-106 -136 0
-106 -151 0
-106 -166 0
-106 -181 0
-106 -196 0
-106 -211 0
-121 -136 0
-121 -151 0
-121 -166 0
-121 -181 0
-121 -196 0
-121 -211 0
-136 -151 0
-136 -166 0
-136 -181 0
-136 -196 0
-136 -211 0
-151 -166 0
-151 -181 0
-151 -196 0
-151 -211 0
-166 -181 0
-166 -196 0
-166 -211 0
-181 -196 0
-181 -211 0
-196 -211 0
2 17 32 47 62 77 92 107 122 137 152 167 182 197 212 0
-2 -17 0
-2 -32 0
-2 -47 0
-2 -62 0
-2 -77 0
-2 -92 0
-2 -107 0
-2 -122 0
-2 -137 0
-2 -152 0
-2 -167 0
-2 -182 0
-2 -197 0
-2 -212 0
-17 -32 0
-17 -47 0
-17 -62 0
-17 -77 0
-17 -92 0
-17 -107 0
-17 -122 0
-17 -137 0
-17 -152 0
-17 -167 0
-17 -182 0
-17 -197 0
-17 -212 0
-32 -47 0
-32 -62 0
-32 -77 0
-32 -92 0
-32 -107 0
-32 -122 0
-32 -137 0
-32 -152 0
-32 -167 0
-32 -182 0
-32 -197 0
-32 -212 0
-47 -62 0
-47 -77 0
-47 -92 0
-47 -107 0
-47 -122 0
-47 -137 0
-47 -152 0
-47 -167 0
-47 -182 0
-47 -197 0
-47 -212 0
-62 -77 0
-62 -92 0
-62 -107 0
-62 -122 0
-62 -137 0
-62 -152 0
-62 -167 0
-62 -182 0
-62 -197 0
-62 -212 0
-77 -92 0
-77 -107 0
-77 -122 0
-77 -137 0
-77 -152 0
-77 -167 0
-77 -182 0
-77 -197 0
-77 -212 0
-92 -107 0
-92 -122 0
-92 -137 0
-92 -152 0
-92 -167 0
-92 -182 0
-92 -197 0
-92 -212 0
-107 -122 0
-107 -137 0
-107 -152 0
-107 -167 0
-107 -182 0
-107 -197 0
-107 -212 0
-122 -137 0
-122 -152 0
-122 -167 0
-122 -182 0
-122 -197 0
-122 -212 0
-137 -152 0
-137 -167 0
-137 -182 0
-137 -197 0
-137 -212 0
-152 -167 0
-152 -182 0
-152 -197 0
-152 -212 0
-167 -182 0
-167 -197 0
-167 -212 0
-182 -197 0
-182 -212 0
-197 -212 0
3 18 33 48 63 78 93 108 123 138 153 168 183 198 213 0
-3 -18 0
-3 -33 0
-3 -48 0
-3 -63 0
-3 -78 0
-3 -93 0
-3 -108 0
-3 -123 0
-3 -138 0
-3 -153 0
-3 -168 0
-3 -183 0
-3 -198 0
-3 -213 0
-18 -33 0
-18 -48 0
-18 -63 0
-18 -78 0
-18 -93 0
-18 -108 0
-18 -123 0
-18 -138 0
-18 -153 0
-18 -168 0
-18 -183 0
-18 -198 0
-18 -213 0
-33 -48 0
-33 -63 0
-33 -78 0
-33 -93 0
-33 -108 0
-33 -123 0
-33 -138 0
-33 -153 0
-33 -168 0
-33 -183 0
-33 -198 0
-33 -213 0
-48 -63 0
-48 -78 0
-48 -93 0
-48 -108 0
-48 -123 0
-48 -138 0
-48 -153 0
-48 -168 0
-48 -183 0
-48 -198 0
-48 -213 0
-63 -78 0
-63 -93 0
-63 -108 0
-63 -123 0
-63 -138 0
-63 -153 0
-63 -168 0
-63 -183 0
-63 -198 0
-63 -213 0
-78 -93 0
-78 -108 0
-78 -123 0
-78 -138 0
-78 -153 0
-78 -168 0
-78 -183 0
-78 -198 0
-78 -213 0
-93 -108 0
-93 -123 0
-93 -138 0
-93 -153 0
-93 -168 0
-93 -183 0
-93 -198 0
-93 -213 0
-108 -123 0
-108 -138 0
-108 -153 0
-108 -168 0
-108 -183 0
-108 -198 0
-108 -213 0
-123 -138 0
-123 -153 0
-123 -168 0
-123 -183 0
-123 -198 0
-123 -213 0
-138 -153 0
-138 -168 0
-138 -183 0
-138 -198 0
-138 -213 0
-153 -168 0
-153 -183 0
-153 -198 0
-153 -213 0
-168 -183 0
-168 -198 0
-168 -213 0
-183 -198 0
-183 -213 0
-198 -213 0
4 19 34 49 64 79 94 109 124 139 154 169 184 199 214 0
-4 -19 0
-4 -34 0
-4 -49 0
-4 -64 0
-4 -79 0
-4 -94 0
-4 -109 0
-4 -124 0
-4 -139 0
-4 -154 0
-4 -169 0
-4 -184 0
-4 -199 0
-4 -214 0
-19 -34 0
-19 -49 0
-19 -64 0
-19 -79 0
-19 -94 0
-19 -109 0
-19 -124 0
-19 -139 0
-19 -154 0
-19 -169 0
-19 -184 0
-19 -199 0
-19 -214 0
-34 -49 0
-34 -64 0
-34 -79 0
-34 -94 0
-34 -109 0
-34 -124 0
-34 -139 0
-34 -154 0
-34 -169 0
-34 -184 0
-34 -199 0
-34 -214 0
-49 -64 0
-49 -79 0
-49 -94 0
-49 -109 0
-49 -124 0
-49 -139 0
-49 -154 0
-49 -169 0
-49 -184 0
-49 -199 0
-49 -214 0
-64 -79 0
-64 -94 0
-64 -109 0
-64 -124 0
-64 -139 0
-64 -154 0
-64 -169 0
-64 -184 0
-64 -199 0
-64 -214 0
-79 -94 0
-79 -109 0
-79 -124 0
-79 -139 0
-79 -154 0
-79 -169 0
-79 -184 0
-79 -199 0
-79 -214 0
-94 -109 0
-94 -124 0
-94 -139 0
-94 -154 0
-94 -169 0
-94 -184 0
-94 -199 0
-94 -214 0
-109 -124 0
-109 -139 0
-109 -154 0
-109 -169 0
-109 -184 0
-109 -199 0
-109 -214 0
-124 -139 0
-124 -154 0
-124 -169 0
-124 -184 0
-124 -199 0
-124 -214 0
-139 -154 0
-139 -169 0
-139 -184 0
-139 -199 0
-139 -214 0
-154 -169 0
-154 -184 0
-154 -199 0
-154 -214 0
-169 -184 0
-169 -199 0
-169 -214 0
-184 -199 0
-184 -214 0
-199 -214 0
5 20 35 50 65 80 95 110 125 140 155 170 185 200 215 0
-5 -20 0
-5 -35 0
-5 -50 0
-5 -65 0
-5 -80 0
-5 -95 0
-5 -110 0
-5 -125 0
-5 -140 0
-5 -155 0
-5 -170 0
-5 -185 0
-5 -200 0
-5 -215 0
-20 -35 0
-20 -50 0
-20 -65 0
-20 -80 0
-20 -95 0
-20 -110 0
-20 -125 0
-20 -140 0
-20 -155 0
-20 -170 0
-20 -185 0
-20 -200 0
-20 -215 0
-35 -50 0
-35 -65 0
-35 -80 0
-35 -95 0
-35 -110 0
-35 -125 0
-35 -140 0
-35 -155 0
-35 -170 0
-35 -185 0
-35 -200 0
-35 -215 0
-50 -65 0
-50 -80 0
-50 -95 0
-50 -110 0
-50 -125 0
-50 -140 0
-50 -155 0
-50 -170 0
-50 -185 0
-50 -200 0
-50 -215 0
-65 -80 0
-65 -95 0
-65 -110 0
-65 -125 0
-65 -140 0
-65 -155 0
-65 -170 0
-65 -185 0
-65 -200 0
-65 -215 0
-80 -95 0
-80 -110 0
-80 -125 0
-80 -140 0
-80 -155 0
-80 -170 0
-80 -185 0
-80 -200 0
-80 -215 0
-95 -110 0
-95 -125 0
-95 -140 0
-95 -155 0
-95 -170 0
-95 -185 0
-95 -200 0
-95 -215 0
-110 -125 0
-110 -140 0
-110 -155 0
-110 -170 0
-110 -185 0
-110 -200 0
-110 -215 0
-125 -140 0
-125 -155 0
-125 -170 0
-125 -185 0
-125 -200 0
-125 -215 0
-140 -155 0
-140 -170 0
-140 -185 0
-140 -200 0
-140 -215 0
-155 -170 0
-155 -185 0
-155 -200 0
-155 -215 0
-170 -185 0
-170 -200 0
-170 -215 0
-185 -200 0
-185 -215 0
-200 -215 0
6 21 36 51 66 81 96 111 126 141 156 171 186 201 216 0
-6 -21 0
-6 -36 0
-6 -51 0
-6 -66 0
-6 -81 0
-6 -96 0
-6 -111 0
-6 -126 0
-6 -141 0
-6 -156 0
-6 -171 0
-6 -186 0
-6 -201 0
-6 -216 0
-21 -36 0
-21 -51 0
-21 -66 0
-21 -81 0
-21 -96 0
-21 -111 0
-21 -126 0
-21 -141 0
-21 -156 0
-21 -171 0
-21 -186 0
-21 -201 0
-21 -216 0
-36 -51 0
-36 -66 0
-36 -81 0
-36 -96 0
-36 -111 0
-36 -126 0
-36 -141 0
-36 -156 0
-36 -171 0
-36 -186 0
-36 -201 0
-36 -216 0
-51 -66 0
-51 -81 0
-51 -96 0
-51 -111 0
-51 -126 0
-51 -141 0
-51 -156 0
-51 -171 0
-51 -186 0
-51 -201 0
-51 -216 0
-66 -81 0
-66 -96 0
-66 -111 0
-66 -126 0
-66 -141 0
-66 -156 0
-66 -171 0
-66 -186 0
-66 -201 0
-66 -216 0
-81 -96 0
-81 -111 0
-81 -126 0
-81 -141 0
-81 -156 0
-81 -171 0
-81 -186 0
-81 -201 0
-81 -216 0
-96 -111 0
-96 -126 0
-96 -141 0
-96 -156 0
-96 -171 0
-96 -186 0
-96 -201 0
-96 -216 0
-111 -126 0
-111 -141 0
-111 -156 0
-111 -171 0
-111 -186 0
-111 -201 0
-111 -216 0
-126 -141 0
-126 -156 0
-126 -171 0
-126 -186 0
-126 -201 0
-126 -216 0
-141 -156 0
-141 -171 0
-141 -186 0
-141 -201 0
-141 -216 0
-156 -171 0
-156 -186 0
-156 -201 0
-156 -216 0
-171 -186 0
-171 -201 0
-171 -216 0
-186 -201 0
-186 -216 0
-201 -216 0
7 22 37 52 67 82 97 112 127 142 157 172 187 202 217 0
-7 -22 0
-7 -37 0
-7 -52 0
-7 -67 0
-7 -82 0
-7 -97 0
-7 -112 0
-7 -127 0
-7 -142 0
-7 -157 0
-7 -172 0
-7 -187 0
-7 -202 0
-7 -217 0
-22 -37 0
-22 -52 0
-22 -67 0
-22 -82 0
-22 -97 0
-22 -112 0
-22 -127 0
-22 -142 0
-22 -157 0
-22 -172 0
-22 -187 0
-22 -202 0
-22 -217 0
-37 -52 0
-37 -67 0
-37 -82 0
-37 -97 0
-37 -112 0
-37 -127 0
-37 -142 0
-37 -157 0
-37 -172 0
-37 -187 0
-37 -202 0
-37 -217 0
-52 -67 0
-52 -82 0
-52 -97 0
-52 -112 0
-52 -127 0
-52 -142 0
-52 -157 0
-52 -172 0
-52 -187 0
-52 -202 0
-52 -217 0
-67 -82 0
-67 -97 0
-67 -112 0
-67 -127 0
-67 -142 0
-67 -157 0
-67 -172 0
-67 -187 0
-67 -202 0
-67 -217 0
-82 -97 0
-82 -112 0
-82 -127 0
-82 -142 0
-82 -157 0
-82 -172 0
-82 -187 0
-82 -202 0
-82 -217 0
-97 -112 0
-97 -127 0
-97 -142 0
-97 -157 0
-97 -172 0
-97 -187 0
-97 -202 0
-97 -217 0
-112 -127 0
-112 -142 0
-112 -157 0
-112 -172 0
-112 -187 0
-112 -202 0
-112 -217 0
-127 -142 0
-127 -157 0
-127 -172 0
-127 -187 0
-127 -202 0
-127 -217 0
-142 -157 0
-142 -172 0
-142 -187 0
-142 -202 0
-142 -217 0
-157 -172 0
-157 -187 0
-157 -202 0
-157 -217 0
-172 -187 0
-172 -202 0
-172 -217 0
-187 -202 0
-187 -217 0
-202 -217 0
8 23 38 53 68 83 98 113 128 143 158 173 188 203 218 0
-8 -23 0
-8 -38 0
-8 -53 0
-8 -68 0
-8 -83 0
-8 -98 0
-8 -113 0
-8 -128 0
-8 -143 0
-8 -158 0
-8 -173 0
-8 -188 0
-8 -203 0
-8 -218 0
-23 -38 0
-23 -53 0
-23 -68 0
-23 -83 0
-23 -98 0
-23 -113 0
-23 -128 0
-23 -143 0
-23 -158 0
-23 -173 0
-23 -188 0
-23 -203 0
-23 -218 0
-38 -53 0
-38 -68 0
-38 -83 0
-38 -98 0
-38 -113 0
-38 -128 0
-38 -143 0
-38 -158 0
-38 -173 0
-38 -188 0
-38 -203 0
-38 -218 0
-53 -68 0
-53 -83 0
-53 -98 0
-53 -113 0
-53 -128 0
-53 -143 0
-53 -158 0
-53 -173 0
-53 -188 0
-53 -203 0
-53 -218 0
-68 -83 0
-68 -98 0
-68 -113 0
-68 -128 0
-68 -143 0
-68 -158 0
-68 -173 0
-68 -188 0
-68 -203 0
-68 -218 0
-83 -98 0
-83 -113 0
-83 -128 0
-83 -143 0
-83 -158 0
-83 -173 0
-83 -188 0
-83 -203 0
-83 -218 0
-98 -113 0
-98 -128 0
-98 -143 0
-98 -158 0
-98 -173 0
-98 -188 0
-98 -203 0
-98 -218 0
-113 -128 0
-113 -143 0
-113 -158 0
-113 -173 0
-113 -188 0
-113 -203 0
-113 -218 0
-128 -143 0
-128 -158 0
-128 -173 0
-128 -188 0
-128 -203 0
-128 -218 0
-143 -158 0
-143 -173 0
-143 -188 0
-143 -203 0
-143 -218 0
-158 -173 0
-158 -188 0
-158 -203 0
-158 -218 0
-173 -188 0
-173 -203 0
-173 -218 0
-188 -203 0
-188 -218 0
-203 -218 0
9 24 39 54 69 84 99 114 129 144 159 174 189 204 219 0
-9 -24 0
-9 -39 0
-9 -54 0
-9 -69 0
-9 -84 0
-9 -99 0
-9 -114 0
-9 -129 0
-9 -144 0
-9 -159 0
-9 -174 0
-9 -189 0
-9 -204 0
-9 -219 0
-24 -39 0
-24 -54 0
-24 -69 0
-24 -84 0
-24 -99 0
-24 -114 0
-24 -129 0
-24 -144 0
-24 -159 0
-24 -174 0
-24 -189 0
-24 -204 0
-24 -219 0
-39 -54 0
-39 -69 0
-39 -84 0
-39 -99 0
-39 -114 0
-39 -129 0
-39 -144 0
-39 -159 0
-39 -174 0
-39 -189 0
-39 -204 0
-39 -219 0
-54 -69 0
-54 -84 0
-54 -99 0
-54 -114 0
-54 -129 0
-54 -144 0
-54 -159 0
-54 -174 0
-54 -189 0
-54 -204 0
-54 -219 0
-69 -84 0
-69 -99 0
-69 -114 0
-69 -129 0
-69 -144 0
-69 -159 0
-69 -174 0
-69 -189 0
-69 -204 0
-69 -219 0
-84 -99 0
-84 -114 0
-84 -129 0
-84 -144 0
-84 -159 0
-84 -174 0
-84 -189 0
-84 -204 0
-84 -219 0
-99 -114 0
-99 -129 0
-99 -144 0
-99 -159 0
-99 -174 0
-99 -189 0
-99 -204 0
-99 -219 0
-114 -129 0
-114 -144 0
-114 -159 0
-114 -174 0
-114 -189 0
-114 -204 0
-114 -219 0
-129 -144 0
-129 -159 0
-129 -174 0
-129 -189 0
-129 -204 0
-129 -219 0
-144 -159 0
-144 -174 0
-144 -189 0
-144 -204 0
-144 -219 0
-159 -174 0
-159 -189 0
-159 -204 0
-159 -219 0
-174 -189 0
-174 -204 0
-174 -219 0
-189 -204 0
-189 -219 0
-204 -219 0
10 25 40 55 70 85 100 115 130 145 160 175 190 205 220 0
-10 -25 0
-10 -40 0
-10 -55 0
-10 -70 0
-10 -85 0
-10 -100 0
-10 -115 0
-10 -130 0
-10 -145 0
-10 -160 0
-10 -175 0
-10 -190 0
-10 -205 0
-10 -220 0
-25 -40 0
-25 -55 0
-25 -70 0
-25 -85 0
-25 -100 0
-25 -115 0
-25 -130 0
-25 -145 0
-25 -160 0
-25 -175 0
-25 -190 0
-25 -205 0
-25 -220 0
-40 -55 0
-40 -70 0
-40 -85 0
-40 -100 0
-40 -115 0
-40 -130 0
-40 -145 0
-40 -160 0
-40 -175 0
-40 -190 0
-40 -205 0
-40 -220 0
-55 -70 0
-55 -85 0
-55 -100 0
-55 -115 0
-55 -130 0
-55 -145 0
-55 -160 0
-55 -175 0
-55 -190 0
-55 -205 0
-55 -220 0
-70 -85 0
-70 -100 0
-70 -115 0
-70 -130 0
-70 -145 0
-70 -160 0
-70 -175 0
-70 -190 0
-70 -205 0
-70 -220 0
-85 -100 0
-85 -115 0
-85 -130 0
-85 -145 0
-85 -160 0
-85 -175 0
-85 -190 0
-85 -205 0
-85 -220 0
-100 -115 0
-100 -130 0
-100 -145 0
-100 -160 0
-100 -175 0
-100 -190 0
-100 -205 0
-100 -220 0
-115 -130 0
-115 -145 0
-115 -160 0
-115 -175 0
-115 -190 0
-115 -205 0
-115 -220 0
-130 -145 0
-130 -160 0
-130 -175 0
-130 -190 0
-130 -205 0
-130 -220 0
-145 -160 0
-145 -175 0
-145 -190 0
-145 -205 0
-145 -220 0
-160 -175 0
-160 -190 0
-160 -205 0
-160 -220 0
-175 -190 0
-175 -205 0
-175 -220 0
-190 -205 0
-190 -220 0
-205 -220 0
11 26 41 56 71 86 101 116 131 146 161 176 191 206 221 0
-11 -26 0
-11 -41 0
-11 -56 0
-11 -71 0
-11 -86 0
-11 -101 0
-11 -116 0
-11 -131 0
-11 -146 0
-11 -161 0
-11 -176 0
-11 -191 0
-11 -206 0
-11 -221 0
-26 -41 0
-26 -56 0
-26 -71 0
-26 -86 0
-26 -101 0
-26 -116 0
-26 -131 0
-26 -146 0
-26 -161 0
-26 -176 0
-26 -191 0
-26 -206 0
-26 -221 0
-41 -56 0
-41 -71 0
-41 -86 0
-41 -101 0
-41 -116 0
-41 -131 0
-41 -146 0
-41 -161 0
-41 -176 0
-41 -191 0
-41 -206 0
-41 -221 0
-56 -71 0
-56 -86 0
-56 -101 0
-56 -116 0
-56 -131 0
-56 -146 0
-56 -161 0
-56 -176 0
-56 -191 0
-56 -206 0
-56 -221 0
-71 -86 0
-71 -101 0
-71 -116 0
-71 -131 0
-71 -146 0
-71 -161 0
-71 -176 0
-71 -191 0
-71 -206 0
-71 -221 0
-86 -101 0
-86 -116 0
-86 -131 0
-86 -146 0
-86 -161 0
-86 -176 0
-86 -191 0
-86 -206 0
-86 -221 0
-101 -116 0
-101 -131 0
-101 -146 0
-101 -161 0
-101 -176 0
-101 -191 0
-101 -206 0
-101 -221 0
-116 -131 0
-116 -146 0
-116 -161 0
-116 -176 0
-116 -191 0
-116 -206 0
-116 -221 0
-131 -146 0
-131 -161 0
-131 -176 0
-131 -191 0
-131 -206 0
-131 -221 0
-146 -161 0
-146 -176 0
-146 -191 0
-146 -206 0
-146 -221 0
-161 -176 0
-161 -191 0
-161 -206 0
-161 -221 0
-176 -191 0
-176 -206 0
-176 -221 0
-191 -206 0
-191 -221 0
-206 -221 0
12 27 42 57 72 87 102 117 132 147 162 177 192 207 222 0
-12 -27 0
-12 -42 0
-12 -57 0
-12 -72 0
-12 -87 0
-12 -102 0
-12 -117 0
-12 -132 0
-12 -147 0
-12 -162 0
-12 -177 0
-12 -192 0
-12 -207 0
-12 -222 0
-27 -42 0
-27 -57 0
-27 -72 0
-27 -87 0
-27 -102 0
-27 -117 0
-27 -132 0
-27 -147 0
-27 -162 0
-27 -177 0
-27 -192 0
-27 -207 0
-27 -222 0
-42 -57 0
-42 -72 0
-42 -87 0
-42 -102 0
-42 -117 0
-42 -132 0
-42 -147 0
-42 -162 0
-42 -177 0
-42 -192 0
-42 -207 0
-42 -222 0
-57 -72 0
-57 -87 0
-57 -102 0
-57 -117 0
-57 -132 0
-57 -147 0
-57 -162 0
-57 -177 0
-57 -192 0
-57 -207 0
-57 -222 0
-72 -87 0
-72 -102 0
-72 -117 0
-72 -132 0
-72 -147 0
-72 -162 0
-72 -177 0
-72 -192 0
-72 -207 0
-72 -222 0
-87 -102 0
-87 -117 0
-87 -132 0
-87 -147 0
-87 -162 0
-87 -177 0
-87 -192 0
-87 -207 0
-87 -222 0
-102 -117 0
-102 -132 0
-102 -147 0
-102 -162 0
-102 -177 0
-102 -192 0
-102 -207 0
-102 -222 0
-117 -132 0
-117 -147 0
-117 -162 0
-117 -177 0
-117 -192 0
-117 -207 0
-117 -222 0
-132 -147 0
-132 -162 0
-132 -177 0
-132 -192 0
-132 -207 0
-132 -222 0
-147 -162 0
-147 -177 0
-147 -192 0
-147 -207 0
-147 -222 0
-162 -177 0
-162 -192 0
-162 -207 0
-162 -222 0
-177 -192 0
-177 -207 0
-177 -222 0
-192 -207 0
-192 -222 0
-207 -222 0
13 28 43 58 73 88 103 118 133 148 163 178 193 208 223 0
-13 -28 0
-13 -43 0
-13 -58 0
-13 -73 0
-13 -88 0
-13 -103 0
-13 -118 0
-13 -133 0
-13 -148 0
-13 -163 0
-13 -178 0
-13 -193 0
-13 -208 0
-13 -223 0
-28 -43 0
-28 -58 0
-28 -73 0
-28 -88 0
-28 -103 0
-28 -118 0
-28 -133 0
-28 -148 0
-28 -163 0
-28 -178 0
-28 -193 0
-28 -208 0
-28 -223 0
-43 -58 0
-43 -73 0
-43 -88 0
-43 -103 0
-43 -118 0
-43 -133 0
-43 -148 0
-43 -163 0
-43 -178 0
-43 -193 0
-43 -208 0
-43 -223 0
-58 -73 0
-58 -88 0
-58 -103 0
-58 -118 0
-58 -133 0
-58 -148 0
-58 -163 0
-58 -178 0
-58 -193 0
-58 -208 0
-58 -223 0
-73 -88 0
-73 -103 0
-73 -118 0
-73 -133 0
-73 -148 0
-73 -163 0
-73 -178 0
-73 -193 0
-73 -208 0
-73 -223 0
-88 -103 0
-88 -118 0
-88 -133 0
-88 -148 0
-88 -163 0
-88 -178 0
-88 -193 0
-88 -208 0
-88 -223 0
-103 -118 0
-103 -133 0
-103 -148 0
-103 -163 0
-103 -178 0
-103 -193 0
-103 -208 0
-103 -223 0
-118 -133 0
-118 -148 0
-118 -163 0
-118 -178 0
-118 -193 0
-118 -208 0
-118 -223 0
-133 -148 0
-133 -163 0
-133 -178 0
-133 -193 0
-133 -208 0
-133 -223 0
-148 -163 0
-148 -178 0
-148 -193 0
-148 -208 0
-148 -223 0
-163 -178 0
-163 -193 0
-163 -208 0
-163 -223 0
-178 -193 0
-178 -208 0
-178 -223 0
-193 -208 0
-193 -223 0
-208 -223 0
14 29 44 59 74 89 104 119 134 149 164 179 194 209 224 0
-14 -29 0
-14 -44 0
-14 -59 0
-14 -74 0
-14 -89 0
-14 -104 0
-14 -119 0
-14 -134 0
-14 -149 0
-14 -164 0
-14 -179 0
-14 -194 0
-14 -209 0
-14 -224 0
-29 -44 0
-29 -59 0
-29 -74 0
-29 -89 0
-29 -104 0
-29 -119 0
-29 -134 0
-29 -149 0
-29 -164 0
-29 -179 0
-29 -194 0
-29 -209 0
-29 -224 0
-44 -59 0
-44 -74 0
-44 -89 0
-44 -104 0
-44 -119 0
-44 -134 0
-44 -149 0
-44 -164 0
-44 -179 0
-44 -194 0
-44 -209 0
-44 -224 0
-59 -74 0
-59 -89 0
-59 -104 0
-59 -119 0
-59 -134 0
-59 -149 0
-59 -164 0
-59 -179 0
-59 -194 0
-59 -209 0
-59 -224 0
-74 -89 0
-74 -104 0
-74 -119 0
-74 -134 0
-74 -149 0
-74 -164 0
-74 -179 0
-74 -194 0
-74 -209 0
-74 -224 0
-89 -104 0
-89 -119 0
-89 -134 0
-89 -149 0
-89 -164 0
-89 -179 0
-89 -194 0
-89 -209 0
-89 -224 0
-104 -119 0
-104 -134 0
-104 -149 0
-104 -164 0
-104 -179 0
-104 -194 0
-104 -209 0
-104 -224 0
-119 -134 0
-119 -149 0
-119 -164 0
-119 -179 0
-119 -194 0
-119 -209 0
-119 -224 0
-134 -149 0
-134 -164 0
-134 -179 0
-134 -194 0
-134 -209 0
-134 -224 0
-149 -164 0
-149 -179 0
-149 -194 0
-149 -209 0
-149 -224 0
-164 -179 0
-164 -194 0
-164 -209 0
-164 -224 0
-179 -194 0
-179 -209 0
-179 -224 0
-194 -209 0
-194 -224 0
-209 -224 0
15 30 45 60 75 90 105 120 135 150 165 180 195 210 225 0
-15 -30 0
-15 -45 0
-15 -60 0
-15 -75 0
-15 -90 0
-15 -105 0
-15 -120 0
-15 -135 0
-15 -150 0
-15 -165 0
-15 -180 0
-15 -195 0
-15 -210 0
-15 -225 0
-30 -45 0
-30 -60 0
-30 -75 0
-30 -90 0
-30 -105 0
-30 -120 0
-30 -135 0
-30 -150 0
-30 -165 0
-30 -180 0
-30 -195 0
-30 -210 0
-30 -225 0
-45 -60 0
-45 -75 0
-45 -90 0
-45 -105 0
-45 -120 0
-45 -135 0
-45 -150 0
-45 -165 0
-45 -180 0
-45 -195 0
-45 -210 0
-45 -225 0
-60 -75 0
-60 -90 0
-60 -105 0
-60 -120 0
-60 -135 0
-60 -150 0
-60 -165 0
-60 -180 0
-60 -195 0
-60 -210 0
-60 -225 0
-75 -90 0
-75 -105 0
-75 -120 0
-75 -135 0
-75 -150 0
-75 -165 0
-75 -180 0
-75 -195 0
-75 -210 0
-75 -225 0
-90 -105 0
-90 -120 0
-90 -135 0
-90 -150 0
-90 -165 0
-90 -180 0
-90 -195 0
-90 -210 0
-90 -225 0
-105 -120 0
-105 -135 0
-105 -150 0
-105 -165 0
-105 -180 0
-105 -195 0
-105 -210 0
-105 -225 0
-120 -135 0
-120 -150 0
-120 -165 0
-120 -180 0
-120 -195 0
-120 -210 0
-120 -225 0
-135 -150 0
-135 -165 0
-135 -180 0
-135 -195 0
-135 -210 0
-135 -225 0
-150 -165 0
-150 -180 0
-150 -195 0
-150 -210 0
-150 -225 0
-165 -180 0
-165 -195 0
-165 -210 0
-165 -225 0
-180 -195 0
-180 -210 0
-180 -225 0
-195 -210 0
-195 -225 0
-210 -225 0
-196 -212 0
-181 -197 0
-181 -213 0
-197 -213 0
-166 -182 0
-166 -198 0
-166 -214 0
-182 -198 0
-182 -214 0
-198 -214 0
-151 -167 0
-151 -183 0
-151 -199 0
-151 -215 0
-167 -183 0
-167 -199 0
-167 -215 0
-183 -199 0
-183 -215 0
-199 -215 0
-136 -152 0
-136 -168 0
-136 -184 0
-136 -200 0
-136 -216 0
-152 -168 0
-152 -184 0
-152 -200 0
-152 -216 0
-168 -184 0
-168 -200 0
-168 -216 0
-184 -200 0
-184 -216 0
-200 -216 0
-121 -137 0
-121 -153 0
-121 -169 0
-121 -185 0
-121 -201 0
-121 -217 0
-137 -153 0
-137 -169 0
-137 -185 0
-137 -201 0
-137 -217 0
-153 -169 0
-153 -185 0
-153 -201 0
-153 -217 0
-169 -185 0
-169 -201 0
-169 -217 0
-185 -201 0
-185 -217 0
-201 -217 0
-106 -122 0
-106 -138 0
-106 -154 0
-106 -170 0
-106 -186 0
-106 -202 0
-106 -218 0
-122 -138 0
-122 -154 0
-122 -170 0
-122 -186 0
-122 -202 0
-122 -218 0
-138 -154 0
-138 -170 0
-138 -186 0
-138 -202 0
-138 -218 0
-154 -170 0
-154 -186 0
-154 -202 0
-154 -218 0
-170 -186 0
-170 -202 0
-170 -218 0
-186 -202 0
-186 -218 0
-202 -218 0
-91 -107 0
-91 -123 0
-91 -139 0
-91 -155 0
-91 -171 0
-91 -187 0
-91 -203 0
-91 -219 0
-107 -123 0
-107 -139 0
-107 -155 0
-107 -171 0
-107 -187 0
-107 -203 0
-107 -219 0
-123 -139 0
-123 -155 0
-123 -171 0
-123 -187 0
-123 -203 0
-123 -219 0
-139 -155 0
-139 -171 0
-139 -187 0
-139 -203 0
-139 -219 0
-155 -171 0
-155 -187 0
-155 -203 0
-155 -219 0
-171 -187 0
-171 -203 0
-171 -219 0
-187 -203 0
-187 -219 0
-203 -219 0
-76 -92 0
-76 -108 0
-76 -124 0
-76 -140 0
-76 -156 0
-76 -172 0
-76 -188 0
-76 -204 0
-76 -220 0
-92 -108 0
-92 -124 0
-92 -140 0
-92 -156 0
-92 -172 0
-92 -188 0
-92 -204 0
-92 -220 0
-108 -124 0
-108 -140 0
-108 -156 0
-108 -172 0
-108 -188 0
-108 -204 0
-108 -220 0
-124 -140 0
-124 -156 0
-124 -172 0
-124 -188 0
-124 -204 0
-124 -220 0
-140 -156 0
-140 -172 0
-140 -188 0
-140 -204 0
-140 -220 0
-156 -172 0
-156 -188 0
-156 -204 0
-156 -220 0
-172 -188 0
-172 -204 0
-172 -220 0
-188 -204 0
-188 -220 0
-204 -220 0
-61 -77 0
-61 -93 0
-61 -109 0
-61 -125 0
-61 -141 0
-61 -157 0
-61 -173 0
-61 -189 0
-61 -205 0
-61 -221 0
-77 -93 0
-77 -109 0
-77 -125 0
-77 -141 0
-77 -157 0
-77 -173 0
-77 -189 0
-77 -205 0
-77 -221 0
-93 -109 0
-93 -125 0
-93 -141 0
-93 -157 0
-93 -173 0
-93 -189 0
-93 -205 0
-93 -221 0
-109 -125 0
-109 -141 0
-109 -157 0
-109 -173 0
-109 -189 0
-109 -205 0
-109 -221 0
-125 -141 0
-125 -157 0
-125 -173 0
-125 -189 0
-125 -205 0
-125 -221 0
-141 -157 0
-141 -173 0
-141 -189 0
-141 -205 0
-141 -221 0
-157 -173 0
-157 -189 0
-157 -205 0
-157 -221 0
-173 -189 0
-173 -205 0
-173 -221 0
-189 -205 0
-189 -221 0
-205 -221 0
-46 -62 0
-46 -78 0
-46 -94 0
-46 -110 0
-46 -126 0
-46 -142 0
-46 -158 0
-46 -174 0
-46 -190 0
-46 -206 0
-46 -222 0
-62 -78 0
-62 -94 0
-62 -110 0
-62 -126 0
-62 -142 0
-62 -158 0
-62 -174 0
-62 -190 0
-62 -206 0
-62 -222 0
-78 -94 0
-78 -110 0
-78 -126 0
-78 -142 0
-78 -158 0
-78 -174 0
-78 -190 0
-78 -206 0
-78 -222 0
-94 -110 0
-94 -126 0
-94 -142 0
-94 -158 0
-94 -174 0
-94 -190 0
-94 -206 0
-94 -222 0
-110 -126 0
-110 -142 0
-110 -158 0
-110 -174 0
-110 -190 0
-110 -206 0
-110 -222 0
-126 -142 0
-126 -158 0
-126 -174 0
-126 -190 0
-126 -206 0
-126 -222 0
-142 -158 0
-142 -174 0
-142 -190 0
-142 -206 0
-142 -222 0
-158 -174 0
-158 -190 0
-158 -206 0
-158 -222 0
-174 -190 0
-174 -206 0
-174 -222 0
-190 -206 0
-190 -222 0
-206 -222 0
-31 -47 0
-31 -63 0
-31 -79 0
-31 -95 0
-31 -111 0
-31 -127 0
-31 -143 0
-31 -159 0
-31 -175 0
-31 -191 0
-31 -207 0
-31 -223 0
-47 -63 0
-47 -79 0
-47 -95 0
-47 -111 0
-47 -127 0
-47 -143 0
-47 -159 0
-47 -175 0
-47 -191 0
-47 -207 0
-47 -223 0
-63 -79 0
-63 -95 0
-63 -111 0
-63 -127 0
-63 -143 0
-63 -159 0
-63 -175 0
-63 -191 0
-63 -207 0
-63 -223 0
-79 -95 0
-79 -111 0
-79 -127 0
-79 -143 0
-79 -159 0
-79 -175 0
-79 -191 0
-79 -207 0
-79 -223 0
-95 -111 0
-95 -127 0
-95 -143 0
-95 -159 0
-95 -175 0
-95 -191 0
-95 -207 0
-95 -223 0
-111 -127 0
-111 -143 0
-111 -159 0
-111 -175 0
-111 -191 0
-111 -207 0
-111 -223 0
-127 -143 0
-127 -159 0
-127 -175 0
-127 -191 0
-127 -207 0
-127 -223 0
-143 -159 0
-143 -175 0
-143 -191 0
-143 -207 0
-143 -223 0
-159 -175 0
-159 -191 0
-159 -207 0
-159 -223 0
-175 -191 0
-175 -207 0
-175 -223 0
-191 -207 0
-191 -223 0
-207 -223 0
-16 -32 0
-16 -48 0
-16 -64 0
-16 -80 0
-16 -96 0
-16 -112 0
-16 -128 0
-16 -144 0
-16 -160 0
-16 -176 0
-16 -192 0
-16 -208 0
-16 -224 0
-32 -48 0
-32 -64 0
-32 -80 0
-32 -96 0
-32 -112 0
-32 -128 0
-32 -144 0
-32 -160 0
-32 -176 0
-32 -192 0
-32 -208 0
-32 -224 0
-48 -64 0
-48 -80 0
-48 -96 0
-48 -112 0
-48 -128 0
-48 -144 0
-48 -160 0
-48 -176 0
-48 -192 0
-48 -208 0
-48 -224 0
-64 -80 0
-64 -96 0
-64 -112 0
-64 -128 0
-64 -144 0
-64 -160 0
-64 -176 0
-64 -192 0
-64 -208 0
-64 -224 0
-80 -96 0
-80 -112 0
-80 -128 0
-80 -144 0
-80 -160 0
-80 -176 0
-80 -192 0
-80 -208 0
-80 -224 0
-96 -112 0
-96 -128 0
-96 -144 0
-96 -160 0
-96 -176 0
-96 -192 0
-96 -208 0
-96 -224 0
-112 -128 0
-112 -144 0
-112 -160 0
-112 -176 0
-112 -192 0
-112 -208 0
-112 -224 0
-128 -144 0
-128 -160 0
-128 -176 0
-128 -192 0
-128 -208 0
-128 -224 0
-144 -160 0
-144 -176 0
-144 -192 0
-144 -208 0
-144 -224 0
-160 -176 0
-160 -192 0
-160 -208 0
-160 -224 0
-176 -192 0
-176 -208 0
-176 -224 0
-192 -208 0
-192 -224 0
-208 -224 0
-1 -17 0
-1 -33 0
-1 -49 0
-1 -65 0
-1 -81 0
-1 -97 0
-1 -113 0
-1 -129 0
-1 -145 0
-1 -161 0
-1 -177 0
-1 -193 0
-1 -209 0
-1 -225 0
-17 -33 0
-17 -49 0
-17 -65 0
-17 -81 0
-17 -97 0
-17 -113 0
-17 -129 0
-17 -145 0
-17 -161 0
-17 -177 0
-17 -193 0
-17 -209 0
-17 -225 0
-33 -49 0
-33 -65 0
-33 -81 0
-33 -97 0
-33 -113 0
-33 -129 0
-33 -145 0
-33 -161 0
-33 -177 0
-33 -193 0
-33 -209 0
-33 -225 0
-49 -65 0
-49 -81 0
-49 -97 0
-49 -113 0
-49 -129 0
-49 -145 0
-49 -161 0
-49 -177 0
-49 -193 0
-49 -209 0
-49 -225 0
-65 -81 0
-65 -97 0
-65 -113 0
-65 -129 0
-65 -145 0
-65 -161 0
-65 -177 0
-65 -193 0
-65 -209 0
-65 -225 0
-81 -97 0
-81 -113 0
-81 -129 0
-81 -145 0
-81 -161 0
-81 -177 0
-81 -193 0
-81 -209 0
-81 -225 0
-97 -113 0
-97 -129 0
-97 -145 0
-97 -161 0
-97 -177 0
-97 -193 0
-97 -209 0
-97 -225 0
-113 -129 0
-113 -145 0
-113 -161 0
-113 -177 0
-113 -193 0
-113 -209 0
-113 -225 0
-129 -145 0
-129 -161 0
-129 -177 0
-129 -193 0
-129 -209 0
-129 -225 0
-145 -161 0
-145 -177 0
-145 -193 0
-145 -209 0
-145 -225 0
-161 -177 0
-161 -193 0
-161 -209 0
-161 -225 0
-177 -193 0
-177 -209 0
-177 -225 0
-193 -209 0
-193 -225 0
-209 -225 0
-2 -18 0
-2 -34 0
-2 -50 0
-2 -66 0
-2 -82 0
-2 -98 0
-2 -114 0
-2 -130 0
-2 -146 0
-2 -162 0
-2 -178 0
-2 -194 0
-2 -210 0
-18 -34 0
-18 -50 0
-18 -66 0
-18 -82 0
-18 -98 0
-18 -114 0
-18 -130 0
-18 -146 0
-18 -162 0
-18 -178 0
-18 -194 0
-18 -210 0
-34 -50 0
-34 -66 0
-34 -82 0
-34 -98 0
-34 -114 0
-34 -130 0
-34 -146 0
-34 -162 0
-34 -178 0
-34 -194 0
-34 -210 0
-50 -66 0
-50 -82 0
-50 -98 0
-50 -114 0
-50 -130 0
-50 -146 0
-50 -162 0
-50 -178 0
-50 -194 0
-50 -210 0
-66 -82 0
-66 -98 0
-66 -114 0
-66 -130 0
-66 -146 0
-66 -162 0
-66 -178 0
-66 -194 0
-66 -210 0
-82 -98 0
-82 -114 0
-82 -130 0
-82 -146 0
-82 -162 0
-82 -178 0
-82 -194 0
-82 -210 0
-98 -114 0
-98 -130 0
-98 -146 0
-98 -162 0
-98 -178 0
-98 -194 0
-98 -210 0
-114 -130 0
-114 -146 0
-114 -162 0
-114 -178 0
-114 -194 0
-114 -210 0
-130 -146 0
-130 -162 0
-130 -178 0
-130 -194 0
-130 -210 0
-146 -162 0
-146 -178 0
-146 -194 0
-146 -210 0
-162 -178 0
-162 -194 0
-162 -210 0
-178 -194 0
-178 -210 0
-194 -210 0
-3 -19 0
-3 -35 0
-3 -51 0
-3 -67 0
-3 -83 0
-3 -99 0
-3 -115 0
-3 -131 0
-3 -147 0
-3 -163 0
-3 -179 0
-3 -195 0
-19 -35 0
-19 -51 0
-19 -67 0
-19 -83 0
-19 -99 0
-19 -115 0
-19 -131 0
-19 -147 0
-19 -163 0
-19 -179 0
-19 -195 0
-35 -51 0
-35 -67 0
-35 -83 0
-35 -99 0
-35 -115 0
-35 -131 0
-35 -147 0
-35 -163 0
-35 -179 0
-35 -195 0
-51 -67 0
-51 -83 0
-51 -99 0
-51 -115 0
-51 -131 0
-51 -147 0
-51 -163 0
-51 -179 0
-51 -195 0
-67 -83 0
-67 -99 0
-67 -115 0
-67 -131 0
-67 -147 0
-67 -163 0
-67 -179 0
-67 -195 0
-83 -99 0
-83 -115 0
-83 -131 0
-83 -147 0
-83 -163 0
-83 -179 0
-83 -195 0
-99 -115 0
-99 -131 0
-99 -147 0
-99 -163 0
-99 -179 0
-99 -195 0
-115 -131 0
-115 -147 0
-115 -163 0
-115 -179 0
-115 -195 0
-131 -147 0
-131 -163 0
-131 -179 0
-131 -195 0
-147 -163 0
-147 -179 0
-147 -195 0
-163 -179 0
-163 -195 0
-179 -195 0
-4 -20 0
-4 -36 0
-4 -52 0
-4 -68 0
-4 -84 0
-4 -100 0
-4 -116 0
-4 -132 0
-4 -148 0
-4 -164 0
-4 -180 0
-20 -36 0
-20 -52 0
-20 -68 0
-20 -84 0
-20 -100 0
-20 -116 0
-20 -132 0
-20 -148 0
-20 -164 0
-20 -180 0
-36 -52 0
-36 -68 0
-36 -84 0
-36 -100 0
-36 -116 0
-36 -132 0
-36 -148 0
-36 -164 0
-36 -180 0
-52 -68 0
-52 -84 0
-52 -100 0
-52 -116 0
-52 -132 0
-52 -148 0
-52 -164 0
-52 -180 0
-68 -84 0
-68 -100 0
-68 -116 0
-68 -132 0
-68 -148 0
-68 -164 0
-68 -180 0
-84 -100 0
-84 -116 0
-84 -132 0
-84 -148 0
-84 -164 0
-84 -180 0
-100 -116 0
-100 -132 0
-100 -148 0
-100 -164 0
-100 -180 0
-116 -132 0
-116 -148 0
-116 -164 0
-116 -180 0
-132 -148 0
-132 -164 0
-132 -180 0
-148 -164 0
-148 -180 0
-164 -180 0
-5 -21 0
-5 -37 0
-5 -53 0
-5 -69 0
-5 -85 0
-5 -101 0
-5 -117 0
-5 -133 0
-5 -149 0
-5 -165 0
-21 -37 0
-21 -53 0
-21 -69 0
-21 -85 0
-21 -101 0
-21 -117 0
-21 -133 0
-21 -149 0
-21 -165 0
-37 -53 0
-37 -69 0
-37 -85 0
-37 -101 0
-37 -117 0
-37 -133 0
-37 -149 0
-37 -165 0
-53 -69 0
-53 -85 0
-53 -101 0
-53 -117 0
-53 -133 0
-53 -149 0
-53 -165 0
-69 -85 0
-69 -101 0
-69 -117 0
-69 -133 0
-69 -149 0
-69 -165 0
-85 -101 0
-85 -117 0
-85 -133 0
-85 -149 0
-85 -165 0
-101 -117 0
-101 -133 0
-101 -149 0
-101 -165 0
-117 -133 0
-117 -149 0
-117 -165 0
-133 -149 0
-133 -165 0
-149 -165 0
-6 -22 0
-6 -38 0
-6 -54 0
-6 -70 0
-6 -86 0
-6 -102 0
-6 -118 0
-6 -134 0
-6 -150 0
-22 -38 0
-22 -54 0
-22 -70 0
-22 -86 0
-22 -102 0
-22 -118 0
-22 -134 0
-22 -150 0
-38 -54 0
-38 -70 0
-38 -86 0
-38 -102 0
-38 -118 0
-38 -134 0
-38 -150 0
-54 -70 0
-54 -86 0
-54 -102 0
-54 -118 0
-54 -134 0
-54 -150 0
-70 -86 0
-70 -102 0
-70 -118 0
-70 -134 0
-70 -150 0
-86 -102 0
-86 -118 0
-86 -134 0
-86 -150 0
-102 -118 0
-102 -134 0
-102 -150 0
-118 -134 0
-118 -150 0
-134 -150 0
-7 -23 0
-7 -39 0
-7 -55 0
-7 -71 0
-7 -87 0
-7 -103 0
-7 -119 0
-7 -135 0
-23 -39 0
-23 -55 0
-23 -71 0
-23 -87 0
-23 -103 0
-23 -119 0
-23 -135 0
-39 -55 0
-39 -71 0
-39 -87 0
-39 -103 0
-39 -119 0
-39 -135 0
-55 -71 0
-55 -87 0
-55 -103 0
-55 -119 0
-55 -135 0
-71 -87 0
-71 -103 0
-71 -119 0
-71 -135 0
-87 -103 0
-87 -119 0
-87 -135 0
-103 -119 0
-103 -135 0
-119 -135 0
-8 -24 0
-8 -40 0
-8 -56 0
-8 -72 0
-8 -88 0
-8 -104 0
-8 -120 0
-24 -40 0
-24 -56 0
-24 -72 0
-24 -88 0
-24 -104 0
-24 -120 0
-40 -56 0
-40 -72 0
-40 -88 0
-40 -104 0
-40 -120 0
-56 -72 0
-56 -88 0
-56 -104 0
-56 -120 0
-72 -88 0
-72 -104 0
-72 -120 0
-88 -104 0
-88 -120 0
-104 -120 0
-9 -25 0
-9 -41 0
-9 -57 0
-9 -73 0
-9 -89 0
-9 -105 0
-25 -41 0
-25 -57 0
-25 -73 0
-25 -89 0
-25 -105 0
-41 -57 0
-41 -73 0
-41 -89 0
-41 -105 0
-57 -73 0
-57 -89 0
-57 -105 0
-73 -89 0
-73 -105 0
-89 -105 0
-10 -26 0
-10 -42 0
-10 -58 0
-10 -74 0
-10 -90 0
-26 -42 0
-26 -58 0
-26 -74 0
-26 -90 0
-42 -58 0
-42 -74 0
-42 -90 0
-58 -74 0
-58 -90 0
-74 -90 0
-11 -27 0
-11 -43 0
-11 -59 0
-11 -75 0
-27 -43 0
-27 -59 0
-27 -75 0
-43 -59 0
-43 -75 0
-59 -75 0
-12 -28 0
-12 -44 0
-12 -60 0
-28 -44 0
-28 -60 0
-44 -60 0
-13 -29 0
-13 -45 0
-29 -45 0
-14 -30 0
-210 -224 0
-195 -209 0
-195 -223 0
-209 -223 0
-180 -194 0
-180 -208 0
-180 -222 0
-194 -208 0
-194 -222 0
-208 -222 0
-165 -179 0
-165 -193 0
-165 -207 0
-165 -221 0
-179 -193 0
-179 -207 0
-179 -221 0
-193 -207 0
-193 -221 0
-207 -221 0
-150 -164 0
-150 -178 0
-150 -192 0
-150 -206 0
-150 -220 0
-164 -178 0
-164 -192 0
-164 -206 0
-164 -220 0
-178 -192 0
-178 -206 0
-178 -220 0
-192 -206 0
-192 -220 0
-206 -220 0
-135 -149 0
-135 -163 0
-135 -177 0
-135 -191 0
-135 -205 0
-135 -219 0
-149 -163 0
-149 -177 0
-149 -191 0
-149 -205 0
-149 -219 0
-163 -177 0
-163 -191 0
-163 -205 0
-163 -219 0
-177 -191 0
-177 -205 0
-177 -219 0
-191 -205 0
-191 -219 0
-205 -219 0
-120 -134 0
-120 -148 0
-120 -162 0
-120 -176 0
-120 -190 0
-120 -204 0
-120 -218 0
-134 -148 0
-134 -162 0
-134 -176 0
-134 -190 0
-134 -204 0
-134 -218 0
-148 -162 0
-148 -176 0
-148 -190 0
-148 -204 0
-148 -218 0
-162 -176 0
-162 -190 0
-162 -204 0
-162 -218 0
-176 -190 0
-176 -204 0
-176 -218 0
-190 -204 0
-190 -218 0
-204 -218 0
-105 -119 0
-105 -133 0
-105 -147 0
-105 -161 0
-105 -175 0
-105 -189 0
-105 -203 0
-105 -217 0
-119 -133 0
-119 -147 0
-119 -161 0
-119 -175 0
-119 -189 0
-119 -203 0
-119 -217 0
-133 -147 0
-133 -161 0
-133 -175 0
-133 -189 0
-133 -203 0
-133 -217 0
-147 -161 0
-147 -175 0
-147 -189 0
-147 -203 0
-147 -217 0
-161 -175 0
-161 -189 0
-161 -203 0
-161 -217 0
-175 -189 0
-175 -203 0
-175 -217 0
-189 -203 0
-189 -217 0
-203 -217 0
-90 -104 0
-90 -118 0
-90 -132 0
-90 -146 0
-90 -160 0
-90 -174 0
-90 -188 0
-90 -202 0
-90 -216 0
-104 -118 0
-104 -132 0
-104 -146 0
-104 -160 0
-104 -174 0
-104 -188 0
-104 -202 0
-104 -216 0
-118 -132 0
-118 -146 0
-118 -160 0
-118 -174 0
-118 -188 0
-118 -202 0
-118 -216 0
-132 -146 0
-132 -160 0
-132 -174 0
-132 -188 0
-132 -202 0
-132 -216 0
-146 -160 0
-146 -174 0
-146 -188 0
-146 -202 0
-146 -216 0
-160 -174 0
-160 -188 0
-160 -202 0
-160 -216 0
-174 -188 0
-174 -202 0
-174 -216 0
-188 -202 0
-188 -216 0
-202 -216 0
-75 -89 0
-75 -103 0
-75 -117 0
-75 -131 0
-75 -145 0
-75 -159 0
-75 -173 0
-75 -187 0
-75 -201 0
-75 -215 0
-89 -103 0
-89 -117 0
-89 -131 0
-89 -145 0
-89 -159 0
-89 -173 0
-89 -187 0
-89 -201 0
-89 -215 0
-103 -117 0
-103 -131 0
-103 -145 0
-103 -159 0
-103 -173 0
-103 -187 0
-103 -201 0
-103 -215 0
-117 -131 0
-117 -145 0
-117 -159 0
-117 -173 0
-117 -187 0
-117 -201 0
-117 -215 0
-131 -145 0
-131 -159 0
-131 -173 0
-131 -187 0
-131 -201 0
-131 -215 0
-145 -159 0
-145 -173 0
-145 -187 0
-145 -201 0
-145 -215 0
-159 -173 0
-159 -187 0
-159 -201 0
-159 -215 0
-173 -187 0
-173 -201 0
-173 -215 0
-187 -201 0
-187 -215 0
-201 -215 0
-60 -74 0
-60 -88 0
-60 -102 0
-60 -116 0
-60 -130 0
-60 -144 0
-60 -158 0
-60 -172 0
-60 -186 0
-60 -200 0
-60 -214 0
-74 -88 0
-74 -102 0
-74 -116 0
-74 -130 0
-74 -144 0
-74 -158 0
-74 -172 0
-74 -186 0
-74 -200 0
-74 -214 0
-88 -102 0
-88 -116 0
-88 -130 0
-88 -144 0
-88 -158 0
-88 -172 0
-88 -186 0
-88 -200 0
-88 -214 0
-102 -116 0
-102 -130 0
-102 -144 0
-102 -158 0
-102 -172 0
-102 -186 0
-102 -200 0
-102 -214 0
-116 -130 0
-116 -144 0
-116 -158 0
-116 -172 0
-116 -186 0
-116 -200 0
-116 -214 0
-130 -144 0
-130 -158 0
-130 -172 0
-130 -186 0
-130 -200 0
-130 -214 0
-144 -158 0
-144 -172 0
-144 -186 0
-144 -200 0
-144 -214 0
-158 -172 0
-158 -186 0
-158 -200 0
-158 -214 0
-172 -186 0
-172 -200 0
-172 -214 0
-186 -200 0
-186 -214 0
-200 -214 0
-45 -59 0
-45 -73 0
-45 -87 0
-45 -101 0
-45 -115 0
-45 -129 0
-45 -143 0
-45 -157 0
-45 -171 0
-45 -185 0
-45 -199 0
-45 -213 0
-59 -73 0
-59 -87 0
-59 -101 0
-59 -115 0
-59 -129 0
-59 -143 0
-59 -157 0
-59 -171 0
-59 -185 0
-59 -199 0
-59 -213 0
-73 -87 0
-73 -101 0
-73 -115 0
-73 -129 0
-73 -143 0
-73 -157 0
-73 -171 0
-73 -185 0
-73 -199 0
-73 -213 0
-87 -101 0
-87 -115 0
-87 -129 0
-87 -143 0
-87 -157 0
-87 -171 0
-87 -185 0
-87 -199 0
-87 -213 0
-101 -115 0
-101 -129 0
-101 -143 0
-101 -157 0
-101 -171 0
-101 -185 0
-101 -199 0
-101 -213 0
-115 -129 0
-115 -143 0
-115 -157 0
-115 -171 0
-115 -185 0
-115 -199 0
-115 -213 0
-129 -143 0
-129 -157 0
-129 -171 0
-129 -185 0
-129 -199 0
-129 -213 0
-143 -157 0
-143 -171 0
-143 -185 0
-143 -199 0
-143 -213 0
-157 -171 0
-157 -185 0
-157 -199 0
-157 -213 0
-171 -185 0
-171 -199 0
-171 -213 0
-185 -199 0
-185 -213 0
-199 -213 0
-30 -44 0
-30 -58 0
-30 -72 0
-30 -86 0
-30 -100 0
-30 -114 0
-30 -128 0
-30 -142 0
-30 -156 0
-30 -170 0
-30 -184 0
-30 -198 0
-30 -212 0
-44 -58 0
-44 -72 0
-44 -86 0
-44 -100 0
-44 -114 0
-44 -128 0
-44 -142 0
-44 -156 0
-44 -170 0
-44 -184 0
-44 -198 0
-44 -212 0
-58 -72 0
-58 -86 0
-58 -100 0
-58 -114 0
-58 -128 0
-58 -142 0
-58 -156 0
-58 -170 0
-58 -184 0
-58 -198 0
-58 -212 0
-72 -86 0
-72 -100 0
-72 -114 0
-72 -128 0
-72 -142 0
-72 -156 0
-72 -170 0
-72 -184 0
-72 -198 0
-72 -212 0
-86 -100 0
-86 -114 0
-86 -128 0
-86 -142 0
-86 -156 0
-86 -170 0
-86 -184 0
-86 -198 0
-86 -212 0
-100 -114 0
-100 -128 0
-100 -142 0
-100 -156 0
-100 -170 0
-100 -184 0
-100 -198 0
-100 -212 0
-114 -128 0
-114 -142 0
-114 -156 0
-114 -170 0
-114 -184 0
-114 -198 0
-114 -212 0
-128 -142 0
-128 -156 0
-128 -170 0
-128 -184 0
-128 -198 0
-128 -212 0
-142 -156 0
-142 -170 0
-142 -184 0
-142 -198 0
-142 -212 0
-156 -170 0
-156 -184 0
-156 -198 0
-156 -212 0
-170 -184 0
-170 -198 0
-170 -212 0
-184 -198 0
-184 -212 0
-198 -212 0
-15 -29 0
-15 -43 0
-15 -57 0
-15 -71 0
-15 -85 0
-15 -99 0
-15 -113 0
-15 -127 0
-15 -141 0
-15 -155 0
-15 -169 0
-15 -183 0
-15 -197 0
-15 -211 0
-29 -43 0
-29 -57 0
-29 -71 0
-29 -85 0
-29 -99 0
-29 -113 0
-29 -127 0
-29 -141 0
-29 -155 0
-29 -169 0
-29 -183 0
-29 -197 0
-29 -211 0
-43 -57 0
-43 -71 0
-43 -85 0
-43 -99 0
-43 -113 0
-43 -127 0
-43 -141 0
-43 -155 0
-43 -169 0
-43 -183 0
-43 -197 0
-43 -211 0
-57 -71 0
-57 -85 0
-57 -99 0
-57 -113 0
-57 -127 0
-57 -141 0
-57 -155 0
-57 -169 0
-57 -183 0
-57 -197 0
-57 -211 0
-71 -85 0
-71 -99 0
-71 -113 0
-71 -127 0
-71 -141 0
-71 -155 0
-71 -169 0
-71 -183 0
-71 -197 0
-71 -211 0
-85 -99 0
-85 -113 0
-85 -127 0
-85 -141 0
-85 -155 0
-85 -169 0
-85 -183 0
-85 -197 0
-85 -211 0
-99 -113 0
-99 -127 0
-99 -141 0
-99 -155 0
-99 -169 0
-99 -183 0
-99 -197 0
-99 -211 0
-113 -127 0
-113 -141 0
-113 -155 0
-113 -169 0
-113 -183 0
-113 -197 0
-113 -211 0
-127 -141 0
-127 -155 0
-127 -169 0
-127 -183 0
-127 -197 0
-127 -211 0
-141 -155 0
-141 -169 0
-141 -183 0
-141 -197 0
-141 -211 0
-155 -169 0
-155 -183 0
-155 -197 0
-155 -211 0
-169 -183 0
-169 -197 0
-169 -211 0
-183 -197 0
-183 -211 0
-197 -211 0
-14 -28 0
-14 -42 0
-14 -56 0
-14 -70 0
-14 -84 0
-14 -98 0
-14 -112 0
-14 -126 0
-14 -140 0
-14 -154 0
-14 -168 0
-14 -182 0
-14 -196 0
-28 -42 0
-28 -56 0
-28 -70 0
-28 -84 0
-28 -98 0
-28 -112 0
-28 -126 0
-28 -140 0
-28 -154 0
-28 -168 0
-28 -182 0
-28 -196 0
-42 -56 0
-42 -70 0
-42 -84 0
-42 -98 0
-42 -112 0
-42 -126 0
-42 -140 0
-42 -154 0
-42 -168 0
-42 -182 0
-42 -196 0
-56 -70 0
-56 -84 0
-56 -98 0
-56 -112 0
-56 -126 0
-56 -140 0
-56 -154 0
-56 -168 0
-56 -182 0
-56 -196 0
-70 -84 0
-70 -98 0
-70 -112 0
-70 -126 0
-70 -140 0
-70 -154 0
-70 -168 0
-70 -182 0
-70 -196 0
-84 -98 0
-84 -112 0
-84 -126 0
-84 -140 0
-84 -154 0
-84 -168 0
-84 -182 0
-84 -196 0
-98 -112 0
-98 -126 0
-98 -140 0
-98 -154 0
-98 -168 0
-98 -182 0
-98 -196 0
-112 -126 0
-112 -140 0
-112 -154 0
-112 -168 0
-112 -182 0
-112 -196 0
-126 -140 0
-126 -154 0
-126 -168 0
-126 -182 0
-126 -196 0
-140 -154 0
-140 -168 0
-140 -182 0
-140 -196 0
-154 -168 0
-154 -182 0
-154 -196 0
-168 -182 0
-168 -196 0
-182 -196 0
-13 -27 0
-13 -41 0
-13 -55 0
-13 -69 0
-13 -83 0
-13 -97 0
-13 -111 0
-13 -125 0
-13 -139 0
-13 -153 0
-13 -167 0
-13 -181 0
-27 -41 0
-27 -55 0
-27 -69 0
-27 -83 0
-27 -97 0
-27 -111 0
-27 -125 0
-27 -139 0
-27 -153 0
-27 -167 0
-27 -181 0
-41 -55 0
-41 -69 0
-41 -83 0
-41 -97 0
-41 -111 0
-41 -125 0
-41 -139 0
-41 -153 0
-41 -167 0
-41 -181 0
-55 -69 0
-55 -83 0
-55 -97 0
-55 -111 0
-55 -125 0
-55 -139 0
-55 -153 0
-55 -167 0
-55 -181 0
-69 -83 0
-69 -97 0
-69 -111 0
-69 -125 0
-69 -139 0
-69 -153 0
-69 -167 0
-69 -181 0
-83 -97 0
-83 -111 0
-83 -125 0
-83 -139 0
-83 -153 0
-83 -167 0
-83 -181 0
-97 -111 0
-97 -125 0
-97 -139 0
-97 -153 0
-97 -167 0
-97 -181 0
-111 -125 0
-111 -139 0
-111 -153 0
-111 -167 0
-111 -181 0
-125 -139 0
-125 -153 0
-125 -167 0
-125 -181 0
-139 -153 0
-139 -167 0
-139 -181 0
-153 -167 0
-153 -181 0
-167 -181 0
-12 -26 0
-12 -40 0
-12 -54 0
-12 -68 0
-12 -82 0
-12 -96 0
-12 -110 0
-12 -124 0
-12 -138 0
-12 -152 0
-12 -166 0
-26 -40 0
-26 -54 0
-26 -68 0
-26 -82 0
-26 -96 0
-26 -110 0
-26 -124 0
-26 -138 0
-26 -152 0
-26 -166 0
-40 -54 0
-40 -68 0
-40 -82 0
-40 -96 0
-40 -110 0
-40 -124 0
-40 -138 0
-40 -152 0
-40 -166 0
-54 -68 0
-54 -82 0
-54 -96 0
-54 -110 0
-54 -124 0
-54 -138 0
-54 -152 0
-54 -166 0
-68 -82 0
-68 -96 0
-68 -110 0
-68 -124 0
-68 -138 0
-68 -152 0
-68 -166 0
-82 -96 0
-82 -110 0
-82 -124 0
-82 -138 0
-82 -152 0
-82 -166 0
-96 -110 0
-96 -124 0
-96 -138 0
-96 -152 0
-96 -166 0
-110 -124 0
-110 -138 0
-110 -152 0
-110 -166 0
-124 -138 0
-124 -152 0
-124 -166 0
-138 -152 0
-138 -166 0
-152 -166 0
-11 -25 0
-11 -39 0
-11 -53 0
-11 -67 0
-11 -81 0
-11 -95 0
-11 -109 0
-11 -123 0
-11 -137 0
-11 -151 0
-25 -39 0
-25 -53 0
-25 -67 0
-25 -81 0
-25 -95 0
-25 -109 0
-25 -123 0
-25 -137 0
-25 -151 0
-39 -53 0
-39 -67 0
-39 -81 0
-39 -95 0
-39 -109 0
-39 -123 0
-39 -137 0
-39 -151 0
-53 -67 0
-53 -81 0
-53 -95 0
-53 -109 0
-53 -123 0
-53 -137 0
-53 -151 0
-67 -81 0
-67 -95 0
-67 -109 0
-67 -123 0
-67 -137 0
-67 -151 0
-81 -95 0
-81 -109 0
-81 -123 0
-81 -137 0
-81 -151 0
-95 -109 0
-95 -123 0
-95 -137 0
-95 -151 0
-109 -123 0
-109 -137 0
-109 -151 0
-123 -137 0
-123 -151 0
-137 -151 0
-10 -24 0
-10 -38 0
-10 -52 0
-10 -66 0
-10 -80 0
-10 -94 0
-10 -108 0
-10 -122 0
-10 -136 0
-24 -38 0
-24 -52 0
-24 -66 0
-24 -80 0
-24 -94 0
-24 -108 0
-24 -122 0
-24 -136 0
-38 -52 0
-38 -66 0
-38 -80 0
-38 -94 0
-38 -108 0
-38 -122 0
-38 -136 0
-52 -66 0
-52 -80 0
-52 -94 0
-52 -108 0
-52 -122 0
-52 -136 0
-66 -80 0
-66 -94 0
-66 -108 0
-66 -122 0
-66 -136 0
-80 -94 0
-80 -108 0
-80 -122 0
-80 -136 0
-94 -108 0
-94 -122 0
-94 -136 0
-108 -122 0
-108 -136 0
-122 -136 0
-9 -23 0
-9 -37 0
-9 -51 0
-9 -65 0
-9 -79 0
-9 -93 0
-9 -107 0
-9 -121 0
-23 -37 0
-23 -51 0
-23 -65 0
-23 -79 0
-23 -93 0
-23 -107 0
-23 -121 0
-37 -51 0
-37 -65 0
-37 -79 0
-37 -93 0
-37 -107 0
-37 -121 0
-51 -65 0
-51 -79 0
-51 -93 0
-51 -107 0
-51 -121 0
-65 -79 0
-65 -93 0
-65 -107 0
-65 -121 0
-79 -93 0
-79 -107 0
-79 -121 0
-93 -107 0
-93 -121 0
-107 -121 0
-8 -22 0
-8 -36 0
-8 -50 0
-8 -64 0
-8 -78 0
-8 -92 0
-8 -106 0
-22 -36 0
-22 -50 0
-22 -64 0
-22 -78 0
-22 -92 0
-22 -106 0
-36 -50 0
-36 -64 0
-36 -78 0
-36 -92 0
-36 -106 0
-50 -64 0
-50 -78 0
-50 -92 0
-50 -106 0
-64 -78 0
-64 -92 0
-64 -106 0
-78 -92 0
-78 -106 0
-92 -106 0
-7 -21 0
-7 -35 0
-7 -49 0
-7 -63 0
-7 -77 0
-7 -91 0
-21 -35 0
-21 -49 0
-21 -63 0
-21 -77 0
-21 -91 0
-35 -49 0
-35 -63 0
-35 -77 0
-35 -91 0
-49 -63 0
-49 -77 0
-49 -91 0
-63 -77 0
-63 -91 0
-77 -91 0
-6 -20 0
-6 -34 0
-6 -48 0
-6 -62 0
-6 -76 0
-20 -34 0
-20 -48 0
-20 -62 0
-20 -76 0
-34 -48 0
-34 -62 0
-34 -76 0
-48 -62 0
-48 -76 0
-62 -76 0
-5 -19 0
-5 -33 0
-5 -47 0
-5 -61 0
-19 -33 0
-19 -47 0
-19 -61 0
-33 -47 0
-33 -61 0
-47 -61 0
-4 -18 0
-4 -32 0
-4 -46 0
-18 -32 0
-18 -46 0
-32 -46 0
-3 -17 0
-3 -31 0
-17 -31 0
-2 -16 0